2021-03-21 164106 : [[0.8598354 0.9095371 0.7261317 0.5449642 0.9886246]]
2021-03-21 164107 : [[0.739011   0.77131414 0.59376353 0.43882233 0.8746083 ]]
2021-03-21 164108 : [[0.6530419  0.674236   0.50325304 0.3621183  0.79188055]]
2021-03-21 164109 : [[0.5770613  0.5951935  0.4274874  0.29777205 0.7193347 ]]
2021-03-21 164110 : [[0.51150614 0.52781326 0.36127448 0.24033901 0.65581274]]
2021-03-21 164111 : [[0.45166332 0.46861708 0.3075413  0.18981823 0.60096645]]
2021-03-21 164112 : [[0.3982134  0.4136437  0.26276833 0.15262826 0.55061233]]
2021-03-21 164113 : [[0.3569315  0.3644519  0.22760972 0.12985583 0.50685227]]
2021-03-21 164114 : [[0.3230598  0.32260287 0.19699289 0.11251144 0.468389  ]]
2021-03-21 164115 : [[0.29417315 0.29184467 0.17435867 0.09789956 0.4328304 ]]
2021-03-21 164116 : [[0.27149522 0.26798308 0.1611448  0.08658376 0.41058287]]
2021-03-21 164117 : [[0.26103836 0.2565655  0.15422209 0.08092872 0.39880657]]
2021-03-21 164118 : [[0.25727302 0.25275722 0.15003236 0.07702081 0.3940063 ]]
2021-03-21 164119 : [[0.25538903 0.24980633 0.14723933 0.07445035 0.39047027]]
2021-03-21 164120 : [[0.2545841  0.24754933 0.14487559 0.07321353 0.38722357]]
2021-03-21 164121 : [[0.2540729  0.24494447 0.1433115  0.07220732 0.3834897 ]]
2021-03-21 164122 : [[0.25343806 0.24206752 0.14206125 0.07126753 0.37926227]]
2021-03-21 164123 : [[0.25269777 0.23901871 0.14118609 0.07041001 0.37547988]]
2021-03-21 164124 : [[0.2518528  0.23639819 0.14051436 0.0696996  0.37153095]]
2021-03-21 164125 : [[0.25091863 0.23356377 0.13971317 0.0689374  0.36722225]]
2021-03-21 164126 : [[0.24990496 0.2310457  0.13875836 0.06814994 0.36401418]]
2021-03-21 164127 : [[0.24881685 0.22847727 0.13769364 0.06731116 0.36059928]]
2021-03-21 164128 : [[0.24766462 0.22591704 0.1365147  0.0667554  0.35706812]]
2021-03-21 164129 : [[0.24645516 0.22426578 0.13523442 0.06619327 0.35406083]]
2021-03-21 164130 : [[0.24519527 0.2225949  0.13385251 0.06560507 0.35204703]]
2021-03-21 164131 : [[0.24389364 0.22105102 0.13236882 0.06499901 0.35069805]]
2021-03-21 164132 : [[0.2430977  0.21951152 0.13079906 0.06463026 0.34928924]]
2021-03-21 164133 : [[0.24236494 0.21790382 0.12913755 0.06428121 0.34783733]]
2021-03-21 164134 : [[0.24186602 0.21622993 0.12750119 0.06391875 0.34649304]]
2021-03-21 164135 : [[0.24156135 0.21449828 0.12621537 0.06354392 0.3459087 ]]
2021-03-21 164136 : [[0.24125555 0.21327679 0.1249515  0.06315961 0.34576803]]
2021-03-21 164137 : [[0.24094856 0.2123916  0.12364183 0.06276591 0.34576803]]
2021-03-21 164138 : [[0.24064231 0.21153994 0.12251046 0.06236536 0.34576803]]
2021-03-21 164139 : [[0.24033567 0.21078892 0.12149525 0.06195556 0.34576803]]
2021-03-21 164140 : [[0.24003148 0.21016145 0.12067188 0.06154095 0.34576803]]
2021-03-21 164141 : [[0.23973276 0.20975289 0.12007825 0.06112136 0.34576803]]
2021-03-21 164142 : [[0.23943648 0.2093805  0.11947909 0.06069842 0.34576803]]
2021-03-21 164143 : [[0.23937485 0.20926973 0.11888344 0.06028395 0.34576803]]
2021-03-21 164144 : [[0.23937485 0.20920327 0.11836465 0.06006777 0.34576803]]
2021-03-21 164145 : [[0.23937485 0.20920327 0.11783879 0.05984856 0.34576803]]
2021-03-21 164146 : [[0.23937485 0.20920327 0.11730808 0.0596223  0.34576803]]
2021-03-21 164147 : [[0.23937485 0.20920327 0.11677201 0.05939052 0.34576803]]
2021-03-21 164148 : [[0.23937485 0.20920327 0.11622994 0.05915363 0.34576803]]
2021-03-21 164149 : [[0.23937485 0.20920327 0.11568506 0.05891288 0.34576803]]
2021-03-21 164150 : [[0.23937485 0.20920327 0.11515294 0.05866812 0.34576803]]
2021-03-21 164151 : [[0.23937485 0.20920327 0.11489123 0.05841929 0.34576803]]
2021-03-21 164152 : [[0.23937485 0.20920327 0.11463723 0.05817005 0.34576803]]
2021-03-21 164153 : [[0.23937485 0.20920327 0.11438825 0.05791817 0.34576803]]
2021-03-21 164154 : [[0.23937485 0.20920327 0.11414805 0.05766383 0.34576803]]
2021-03-21 164155 : [[0.23937485 0.20920327 0.1139068  0.05740774 0.34576803]]
2021-03-21 164156 : [[0.23937485 0.20920327 0.11367287 0.05715002 0.34576803]]
