2021-03-20 223808 : [[1.2609779  0.8000634  1.3662789  0.6757754  0.22944707]]
2021-03-20 223808 : [[1.2406545  0.79138684 1.342231   0.65893686 0.2209417 ]]
2021-03-20 223808 : [[1.2233931  0.7840183  1.3221276  0.644643   0.21384904]]
2021-03-20 223808 : [[1.206384   0.77676153 1.302494   0.63055617 0.20698872]]
2021-03-20 223808 : [[1.1892129  0.769434   1.2827488  0.61629057 0.2001949 ]]
2021-03-20 223809 : [[1.1717527  0.7619809  1.2627215  0.60188615 0.1934252 ]]
2021-03-20 223809 : [[1.1539638 0.7543868 1.242384  0.5886531 0.1866821]]
2021-03-20 223809 : [[1.1358559  0.74664736 1.2217278  0.5758301  0.17997664]]
2021-03-20 223809 : [[1.1174496  0.73876786 1.2007924  0.5626792  0.17333274]]
2021-03-20 223809 : [[1.0987723  0.73075676 1.1796033  0.5492193  0.16676942]]
2021-03-20 223809 : [[1.0798616  0.72261506 1.1582042  0.5354742  0.16031253]]
2021-03-20 223809 : [[1.0607516  0.7143457  1.1366438  0.52146983 0.15398584]]
2021-03-20 223809 : [[1.0414828  0.70592    1.1149592  0.5072431  0.14780763]]
2021-03-20 223809 : [[1.0224664  0.6973449  1.0931913  0.49282792 0.14179717]]
2021-03-20 223809 : [[1.0040593  0.6886225  1.0713826  0.47826698 0.13597052]]
2021-03-20 223810 : [[0.98544246 0.67996556 1.0495601  0.46360484 0.13034046]]
2021-03-20 223810 : [[0.9666388  0.6724826  1.0277587  0.44889587 0.12491795]]
2021-03-20 223810 : [[0.94768244 0.6654588  1.0059991  0.43419656 0.11970895]]
2021-03-20 223810 : [[0.92858934 0.65833914 0.9843075  0.42233333 0.11472069]]
2021-03-20 223810 : [[0.9093942  0.6511285  0.96269405 0.41122517 0.1099549 ]]
2021-03-20 223810 : [[0.89524084 0.64383054 0.94117534 0.40074083 0.10541159]]
2021-03-20 223810 : [[0.88156676 0.636451   0.919761   0.3918042  0.10108811]]
2021-03-20 223810 : [[0.86784565 0.62899435 0.898457   0.3829078  0.09698272]]
2021-03-20 223810 : [[0.85408074 0.62146807 0.8772655  0.3740708  0.09309165]]
2021-03-20 223811 : [[0.8402828 0.6138755 0.8561938 0.3656218 0.089408 ]]
2021-03-20 223811 : [[0.82645816 0.60622436 0.8352387  0.35775048 0.08592597]]
2021-03-20 223811 : [[0.81260484 0.5985209  0.81439924 0.35005003 0.08279519]]
2021-03-20 223811 : [[0.79873157 0.59077203 0.7940134  0.34253407 0.07996951]]
2021-03-20 223811 : [[0.7848413  0.58298314 0.7766107  0.33521682 0.0772947 ]]
2021-03-20 223811 : [[0.7709347  0.57516265 0.7592931  0.32810766 0.07474815]]
2021-03-20 223811 : [[0.757015   0.5673178  0.74205923 0.32121044 0.07232461]]
2021-03-20 223811 : [[0.74446225 0.55945534 0.72489834 0.31453028 0.07001745]]
2021-03-20 223811 : [[0.7334259  0.55337244 0.7078053  0.3080658  0.0678224 ]]
2021-03-20 223811 : [[0.7225102  0.54765004 0.6907718  0.30205944 0.06573538]]
2021-03-20 223812 : [[0.71171606 0.5420979  0.67379224 0.29625642 0.06375081]]
2021-03-20 223812 : [[0.7010501  0.5367359  0.65686065 0.29062366 0.06186175]]
2021-03-20 223812 : [[0.6905102  0.5314454  0.63997287 0.28516513 0.06006676]]
2021-03-20 223812 : [[0.68246263 0.5262276  0.62312454 0.2798799  0.05835861]]
2021-03-20 223812 : [[0.67575216 0.5210843  0.60631067 0.2747704  0.05673268]]
2021-03-20 223812 : [[0.6691408  0.5160233  0.5895322  0.2698356  0.05518536]]
2021-03-20 223812 : [[0.66262126 0.5110405  0.5727871  0.26507375 0.05371214]]
2021-03-20 223812 : [[0.6561911  0.5061419  0.5560782  0.26048297 0.05230946]]
2021-03-20 223812 : [[0.65055865 0.50132555 0.53940845 0.25605828 0.05097234]]
2021-03-20 223812 : [[0.64660966 0.49659333 0.5227805  0.2517969  0.0496973 ]]
2021-03-20 223813 : [[0.64274955 0.49194938 0.50620365 0.24769521 0.04848198]]
2021-03-20 223813 : [[0.63897634 0.48738968 0.49086922 0.24374837 0.04732114]]
2021-03-20 223813 : [[0.6352828  0.482918   0.47847718 0.23995054 0.04621344]]
2021-03-20 223813 : [[0.6316699  0.47853348 0.46637    0.2362972  0.04515362]]
2021-03-20 223813 : [[0.6281319  0.4742357  0.45483977 0.2327851  0.04414132]]
2021-03-20 223813 : [[0.624668   0.47002655 0.44608873 0.22940756 0.04318966]]
2021-03-20 223813 : [[0.62127596 0.46590316 0.44013977 0.22616205 0.042283  ]]
2021-03-20 223813 : [[0.61794937 0.46186787 0.43473125 0.22304189 0.04141675]]
2021-03-20 223813 : [[0.61468893 0.45791793 0.4294486  0.22014101 0.04058507]]
2021-03-20 223813 : [[0.61149    0.4540543  0.42429468 0.21758536 0.03978837]]
2021-03-20 223814 : [[0.6083547  0.45027512 0.41926783 0.21511513 0.03902205]]
2021-03-20 223814 : [[0.60527825 0.44657916 0.4143708  0.21272954 0.03828716]]
2021-03-20 223814 : [[0.6022567  0.44296685 0.40960228 0.21042341 0.0375803 ]]
2021-03-20 223814 : [[0.5992933  0.43943453 0.40496194 0.20819557 0.03689901]]
2021-03-20 223814 : [[0.59638184 0.435982   0.40045533 0.20604256 0.03624367]]
2021-03-20 223814 : [[0.59352463 0.43263268 0.39607856 0.20396334 0.03561184]]
2021-03-20 223814 : [[0.59071654 0.42941773 0.3918337  0.20195404 0.03500283]]
2021-03-20 223814 : [[0.5879589  0.42624623 0.38772154 0.2000143  0.03441466]]
2021-03-20 223814 : [[0.5852503  0.42311686 0.3837437  0.19813916 0.03384598]]
2021-03-20 223814 : [[0.5825878  0.42002925 0.37989888 0.19746378 0.03329764]]
2021-03-20 223815 : [[0.5799705  0.41698354 0.37618625 0.19722828 0.03276578]]
2021-03-20 223815 : [[0.5774015  0.41397882 0.37260932 0.19700772 0.03225015]]
2021-03-20 223815 : [[0.5748711  0.41101623 0.36916322 0.19679856 0.03175105]]
2021-03-20 223815 : [[0.5723876  0.4080948  0.36585024 0.1966039  0.03126781]]
2021-03-20 223815 : [[0.5699437  0.40603268 0.36266786 0.19642091 0.03079868]]
2021-03-20 223815 : [[0.5675419  0.40434593 0.35961366 0.19624749 0.03034247]]
2021-03-20 223815 : [[0.56517893 0.40271825 0.356687   0.19608474 0.02990041]]
2021-03-20 223815 : [[0.5628556  0.40114862 0.35388464 0.19593129 0.02947024]]
2021-03-20 223815 : [[0.5605706  0.3996379  0.35120308 0.19578539 0.02905224]]
2021-03-20 223816 : [[0.55832386 0.3981822  0.3486389  0.19564794 0.02864572]]
2021-03-20 223816 : [[0.5561132  0.39678097 0.34618887 0.19551933 0.02824961]]
2021-03-20 223816 : [[0.554045   0.395433   0.34384802 0.19539641 0.02786322]]
2021-03-20 223816 : [[0.5520178  0.3941353  0.34160948 0.19528101 0.02748806]]
2021-03-20 223816 : [[0.5500106  0.3928873  0.33947095 0.19517097 0.02712125]]
2021-03-20 223816 : [[0.5480177  0.39168704 0.33742502 0.19506732 0.02676359]]
2021-03-20 223816 : [[0.5460423  0.39053166 0.33546558 0.19496933 0.02641549]]
2021-03-20 223816 : [[0.5440862  0.38941905 0.33358464 0.194875   0.02607561]]
2021-03-20 223816 : [[0.54230803 0.38834637 0.33177793 0.19478695 0.02574394]]
2021-03-20 223816 : [[0.5421667  0.38749677 0.33003774 0.19470346 0.02541906]]
2021-03-20 223817 : [[0.5420318  0.38672745 0.32835653 0.19462389 0.02510235]]
2021-03-20 223817 : [[0.54190224 0.3859676  0.3267284  0.19454828 0.02479269]]
2021-03-20 223817 : [[0.541779   0.38521665 0.325522   0.19447689 0.02449042]]
2021-03-20 223817 : [[0.5416597  0.3844747  0.32436186 0.19440892 0.02419442]]
2021-03-20 223817 : [[0.5415498  0.38374108 0.32319576 0.19434366 0.02390457]]
2021-03-20 223817 : [[0.5414431  0.38301677 0.3220222  0.19428258 0.0236216 ]]
2021-03-20 223817 : [[0.5413451  0.38230014 0.32084104 0.19422472 0.02334461]]
2021-03-20 223817 : [[0.54125184 0.38159233 0.31964958 0.1941697  0.0230733 ]]
2021-03-20 223817 : [[0.54116344 0.38089243 0.31844977 0.1941161  0.02280729]]
2021-03-20 223817 : [[0.5410825  0.38020045 0.31724122 0.19406697 0.0225473 ]]
2021-03-20 223818 : [[0.5410059  0.37951705 0.31602198 0.19401988 0.02229244]]
2021-03-20 223818 : [[0.5409359  0.37884074 0.3147943  0.19397525 0.02204304]]
2021-03-20 223818 : [[0.5408689  0.37817335 0.31355765 0.19393286 0.02179853]]
2021-03-20 223818 : [[0.54080707 0.37751216 0.31231123 0.19389182 0.0215582 ]]
2021-03-20 223818 : [[0.54075    0.3771212  0.3110584  0.19385388 0.02132283]]
2021-03-20 223818 : [[0.54069656 0.37711626 0.3097979  0.19381824 0.02109265]]
2021-03-20 223818 : [[0.5406485  0.37711078 0.30853057 0.19378379 0.02086638]]
2021-03-20 223818 : [[0.54060197 0.37710524 0.3072569  0.19375063 0.02064455]]
2021-03-20 223818 : [[0.54055965 0.37710047 0.30597752 0.19371918 0.02042706]]
2021-03-20 223818 : [[0.540521   0.3770978  0.30469152 0.19369063 0.02021354]]
2021-03-20 223819 : [[0.5404839  0.37709397 0.30340034 0.19366245 0.02000383]]
2021-03-20 223819 : [[0.54045016 0.37709033 0.30210504 0.19363697 0.01979779]]
2021-03-20 223819 : [[0.5404182  0.37708676 0.3008056  0.1936115  0.01959619]]
2021-03-20 223819 : [[0.5403893  0.37708324 0.2995015  0.19358797 0.0193978 ]]
2021-03-20 223819 : [[0.54036283 0.3770804  0.2981931  0.19356562 0.01920279]]
2021-03-20 223819 : [[0.5403363  0.37707826 0.29687953 0.1935448  0.01901215]]
2021-03-20 223819 : [[0.54031366 0.37707603 0.2955637  0.19352475 0.01882387]]
2021-03-20 223819 : [[0.54029065 0.3770733  0.29424298 0.19350646 0.01863945]]
2021-03-20 223819 : [[0.54026973 0.3770718  0.29291886 0.19348833 0.01845794]]
2021-03-20 223819 : [[0.5402503  0.3770703  0.29159057 0.19347155 0.0182803 ]]
2021-03-20 223820 : [[0.54023147 0.37706918 0.2902584  0.19345553 0.01810475]]
2021-03-20 223820 : [[0.54021394 0.3770665  0.28892118 0.19344047 0.01793285]]
2021-03-20 223820 : [[0.54019594 0.37706602 0.28758046 0.19342622 0.01776384]]
2021-03-20 223820 : [[0.540181   0.37706503 0.28623497 0.19341363 0.01759758]]
2021-03-20 223820 : [[0.5401658  0.37706333 0.2848853  0.19340089 0.0174333 ]]
2021-03-20 223820 : [[0.5401529  0.37706318 0.2835308  0.19338915 0.01727344]]
2021-03-20 223820 : [[0.54013836 0.377062   0.2821715  0.19337821 0.01711477]]
2021-03-20 223820 : [[0.5401258  0.37706104 0.28080815 0.19336765 0.0169595 ]]
2021-03-20 223820 : [[0.54011345 0.3770601  0.2795601  0.19335717 0.01680638]]
2021-03-20 223820 : [[0.540102   0.37706047 0.2785669  0.19334775 0.01665581]]
2021-03-20 223821 : [[0.54009116 0.3770599  0.27758938 0.19334039 0.01650779]]
2021-03-20 223821 : [[0.5400804  0.3770588  0.27662858 0.19333214 0.01636197]]
2021-03-20 223821 : [[0.54007167 0.37705806 0.2756852  0.19332409 0.01621829]]
2021-03-20 223821 : [[0.5400621  0.37705848 0.27476043 0.19331716 0.01607747]]
2021-03-20 223821 : [[0.5400535  0.37705773 0.27385196 0.19330947 0.01593868]]
2021-03-20 223821 : [[0.5400443  0.37705785 0.27296615 0.19330433 0.01580197]]
2021-03-20 223821 : [[0.5400374  0.3770575  0.27209696 0.19329841 0.01566732]]
2021-03-20 223821 : [[0.54003054 0.37705743 0.27124858 0.1932925  0.015535  ]]
2021-03-20 223821 : [[0.5400224  0.37705696 0.27042085 0.19328725 0.01540479]]
2021-03-20 223821 : [[0.540017   0.37705645 0.26961276 0.19328117 0.01527625]]
2021-03-20 223822 : [[0.54001087 0.37705588 0.26882383 0.19327772 0.01514982]]
2021-03-20 223822 : [[0.5400046  0.37705672 0.26805496 0.19327323 0.0150249 ]]
2021-03-20 223822 : [[0.54000014 0.37705684 0.26730612 0.19326882 0.01490236]]
2021-03-20 223822 : [[0.53999484 0.37705714 0.26657546 0.1932656  0.01478118]]
2021-03-20 223822 : [[0.53999007 0.37705645 0.26586482 0.19326247 0.01466255]]
2021-03-20 223822 : [[0.53998584 0.3770563  0.26517263 0.1932587  0.01454495]]
2021-03-20 223822 : [[0.5399834  0.37705648 0.2644997  0.1932562  0.01442996]]
2021-03-20 223822 : [[0.5399787  0.3770569  0.26384443 0.19325274 0.01431586]]
2021-03-20 223822 : [[0.53997636 0.37705666 0.2632078  0.19325103 0.01420369]]
2021-03-20 223823 : [[0.5399729  0.37705642 0.26258668 0.19324836 0.0140931 ]]
2021-03-20 223823 : [[0.5399704  0.37705624 0.2619852  0.19324617 0.01398394]]
2021-03-20 223823 : [[0.5399685  0.37705562 0.26139975 0.19324361 0.01387695]]
2021-03-20 223823 : [[0.5399661  0.37705708 0.26083124 0.19324194 0.01377069]]
2021-03-20 223823 : [[0.5399636  0.37705663 0.2602772  0.19323997 0.01366658]]
2021-03-20 223823 : [[0.53996336 0.37705648 0.25973934 0.19323835 0.01356314]]
2021-03-20 223823 : [[0.53996074 0.37705678 0.25921664 0.19323672 0.01346195]]
2021-03-20 223823 : [[0.53995955 0.37705654 0.2587092  0.19323595 0.01336186]]
2021-03-20 223823 : [[0.5399575  0.37705606 0.2582146  0.19323418 0.01331594]]
2021-03-20 223823 : [[0.5399564  0.3770563  0.25773504 0.19323227 0.01327261]]
2021-03-20 223824 : [[0.539955   0.3770559  0.2572674  0.19323164 0.01322976]]
2021-03-20 223824 : [[0.5399543  0.37705582 0.25681332 0.19323075 0.01318739]]
2021-03-20 223824 : [[0.539955   0.3770566  0.25637096 0.19322985 0.01314566]]
2021-03-20 223824 : [[0.5399533  0.3770567  0.25594163 0.19322869 0.01310441]]
2021-03-20 223824 : [[0.5399522  0.37705642 0.25552288 0.19322787 0.01306315]]
2021-03-20 223824 : [[0.5399517  0.37705624 0.25511566 0.19322687 0.01302287]]
2021-03-20 223824 : [[0.53995085 0.3770563  0.2547198  0.1932269  0.01298288]]
2021-03-20 223824 : [[0.53995067 0.37705576 0.25433388 0.19322553 0.01294279]]
2021-03-20 223824 : [[0.5399511  0.3770569  0.2539585  0.1932254  0.01290351]]
2021-03-20 223824 : [[0.5399502  0.37705675 0.25359085 0.19322512 0.01286431]]
2021-03-20 223825 : [[0.53994983 0.37705588 0.25323445 0.19322404 0.01282547]]
2021-03-20 223825 : [[0.5399489  0.37705636 0.25288612 0.19322357 0.01278738]]
2021-03-20 223825 : [[0.53994864 0.3770566  0.2525474  0.19322386 0.01274911]]
2021-03-20 223825 : [[0.53994894 0.37705624 0.25221506 0.1932228  0.01271142]]
2021-03-20 223825 : [[0.5399483  0.3770563  0.2518912  0.19322276 0.01267376]]
2021-03-20 223825 : [[0.5399481  0.3770563  0.25157535 0.19322333 0.01263669]]
2021-03-20 223825 : [[0.5399492  0.3770563  0.2512676  0.19322243 0.01259963]]
2021-03-20 223825 : [[0.5399483  0.37705654 0.2509665  0.19322255 0.0125631 ]]
2021-03-20 223825 : [[0.5399476  0.37705606 0.2506719  0.19322231 0.01252667]]
2021-03-20 223825 : [[0.5399487  0.37705684 0.25038365 0.19322151 0.01249044]]
2021-03-20 223826 : [[0.53994775 0.37705588 0.2501032  0.1932215  0.01245472]]
2021-03-20 223826 : [[0.5399473  0.37705624 0.24982704 0.19322121 0.01241908]]
2021-03-20 223826 : [[0.53994703 0.37705684 0.24955851 0.19322039 0.01238373]]
2021-03-20 223826 : [[0.53994787 0.37705627 0.24929568 0.1932202  0.01234877]]
2021-03-20 223826 : [[0.539948   0.37705588 0.24903746 0.19322108 0.01231392]]
2021-03-20 223826 : [[0.5399476  0.3770564  0.24878584 0.19322008 0.0122792 ]]
2021-03-20 223826 : [[0.5399467  0.37705636 0.2485386  0.19322042 0.01224508]]
2021-03-20 223826 : [[0.53994715 0.3770563  0.24829789 0.19322036 0.01221098]]
2021-03-20 223826 : [[0.53994775 0.37705612 0.24806173 0.19321997 0.01217655]]
2021-03-20 223826 : [[0.5399472  0.3770569  0.2478285  0.19322072 0.01214353]]
2021-03-20 223827 : [[0.5399462  0.37705714 0.24760287 0.19322032 0.01211002]]
2021-03-20 223827 : [[0.5399467  0.37705657 0.24737978 0.19321989 0.01207655]]
2021-03-20 223827 : [[0.53994775 0.3770569  0.24716258 0.19322045 0.01204362]]
2021-03-20 223827 : [[0.5399466  0.377057   0.24694905 0.19321951 0.01201076]]
2021-03-20 223827 : [[0.53994626 0.3770563  0.24674055 0.19321981 0.01197836]]
2021-03-20 223827 : [[0.5399477  0.37705678 0.24653581 0.19321972 0.01194594]]
2021-03-20 223827 : [[0.5399463  0.37705678 0.24633528 0.1932202  0.01191398]]
2021-03-20 223827 : [[0.5399473  0.3770565  0.24613756 0.19321965 0.01188174]]
2021-03-20 223827 : [[0.5399465  0.37705648 0.24594569 0.19321948 0.01185014]]
2021-03-20 223827 : [[0.5399475  0.37705722 0.24575639 0.19321942 0.01181897]]
2021-03-20 223828 : [[0.53994673 0.37705612 0.24557105 0.19321889 0.01178745]]
2021-03-20 223828 : [[0.539947   0.37705618 0.24539018 0.19321916 0.01175642]]
2021-03-20 223828 : [[0.5399472  0.37705618 0.24521145 0.19321954 0.01172503]]
2021-03-20 223828 : [[0.5399481  0.37705636 0.2450377  0.19321966 0.01169477]]
2021-03-20 223828 : [[0.5399473  0.37705702 0.24486683 0.19321874 0.01166411]]
2021-03-20 223828 : [[0.5399473  0.37705678 0.24469864 0.19321916 0.01163391]]
2021-03-20 223828 : [[0.5399471  0.37705627 0.24453351 0.19321917 0.01160358]]
2021-03-20 223828 : [[0.53994733 0.37705553 0.24437329 0.19321936 0.01157396]]
2021-03-20 223828 : [[0.53994805 0.3770567  0.24421565 0.19321895 0.01154384]]
2021-03-20 223828 : [[0.53994787 0.37705576 0.24406004 0.19321968 0.01151425]]
2021-03-20 223829 : [[0.5399475  0.37705672 0.24390875 0.19321951 0.01148512]]
2021-03-20 223829 : [[0.53994757 0.37705597 0.24376102 0.1932192  0.01145581]]
2021-03-20 223829 : [[0.5399474  0.37705547 0.24361497 0.19321907 0.01142716]]
2021-03-20 223829 : [[0.5399478  0.37705618 0.24347243 0.19321926 0.01139786]]
2021-03-20 223829 : [[0.53994775 0.37705564 0.24333264 0.19321978 0.01136944]]
2021-03-20 223829 : [[0.5399475  0.37705672 0.24319586 0.1932191  0.01134077]]
2021-03-20 223829 : [[0.5399469  0.37705594 0.24306193 0.19321974 0.01131271]]
2021-03-20 223829 : [[0.5399481  0.37705576 0.24292968 0.19321898 0.01128464]]
2021-03-20 223829 : [[0.5399472  0.37705678 0.2428024  0.19321923 0.0112567 ]]
2021-03-20 223829 : [[0.5399475  0.37705642 0.2426758  0.193219   0.011229  ]]
2021-03-20 223830 : [[0.5399482  0.37705642 0.24255158 0.19321838 0.01120161]]
2021-03-20 223830 : [[0.5399466  0.37705618 0.24243128 0.19321983 0.01117398]]
2021-03-20 223830 : [[0.53994715 0.3770569  0.24231374 0.1932197  0.01114694]]
2021-03-20 223830 : [[0.5399468  0.37705582 0.2421974  0.1932194  0.01111967]]
2021-03-20 223830 : [[0.5399473  0.37705666 0.24208473 0.19321927 0.01109306]]
2021-03-20 223830 : [[0.5399469  0.3770566  0.2419733  0.19321932 0.01106589]]
2021-03-20 223830 : [[0.5399476  0.3770566  0.24186492 0.1932199  0.01103972]]
2021-03-20 223830 : [[0.5399465  0.3770569  0.241759   0.19321951 0.01101319]]
2021-03-20 223830 : [[0.5399482  0.3770561  0.2416544  0.19321987 0.01098677]]
2021-03-20 223830 : [[0.5399474  0.37705636 0.2415526  0.19321886 0.01096111]]
2021-03-20 223831 : [[0.53994757 0.37705663 0.24145389 0.1932194  0.01093522]]
2021-03-20 223831 : [[0.53994685 0.3770565  0.24135584 0.19321962 0.01090938]]
2021-03-20 223831 : [[0.53994775 0.377056   0.24126184 0.19321883 0.01088361]]
2021-03-20 223831 : [[0.53994673 0.37705597 0.24116938 0.193219   0.01085814]]
2021-03-20 223831 : [[0.5399479  0.37705636 0.24107873 0.19321927 0.01083324]]
2021-03-20 223831 : [[0.5399481  0.37705642 0.24098946 0.19321968 0.01080811]]
2021-03-20 223831 : [[0.5399476  0.37705618 0.24090272 0.19321975 0.01078317]]
2021-03-20 223831 : [[0.53994703 0.3770566  0.24081813 0.19321999 0.01075825]]
2021-03-20 223831 : [[0.53994757 0.37705606 0.2407363  0.19321895 0.0107336 ]]
2021-03-20 223831 : [[0.5399476  0.3770573  0.24065453 0.1932191  0.01070936]]
2021-03-20 223832 : [[0.53994787 0.37705687 0.24057677 0.19321974 0.01068492]]
2021-03-20 223832 : [[0.53994703 0.37705612 0.24049927 0.19321978 0.01066113]]
2021-03-20 223832 : [[0.5399478  0.37705612 0.24042544 0.19321936 0.01063668]]
2021-03-20 223832 : [[0.53994644 0.37705612 0.24035066 0.19321904 0.01061294]]
2021-03-20 223832 : [[0.53994757 0.37705612 0.24027912 0.1932189  0.01058924]]
2021-03-20 223832 : [[0.53994733 0.37705612 0.24020997 0.193219   0.01056589]]
2021-03-20 223832 : [[0.53994715 0.37705597 0.24014184 0.19321987 0.01054222]]
2021-03-20 223832 : [[0.5399468  0.3770568  0.24007417 0.19321898 0.01051899]]
2021-03-20 223832 : [[0.5399469  0.3770573  0.24000993 0.1932196  0.0104957 ]]
2021-03-20 223832 : [[0.53994757 0.37705648 0.23994723 0.19321963 0.01047292]]
2021-03-20 223833 : [[0.5399473  0.37705606 0.23988502 0.19321898 0.01045019]]
2021-03-20 223833 : [[0.53994787 0.37705666 0.23982528 0.1932193  0.01042736]]
2021-03-20 223833 : [[0.53994805 0.37705642 0.23976663 0.19321892 0.01040466]]
2021-03-20 223833 : [[0.5399475  0.37705654 0.23970994 0.19322    0.01038229]]
2021-03-20 223833 : [[0.539947   0.37705642 0.23965357 0.19321944 0.01035996]]
2021-03-20 223833 : [[0.5399471  0.3770561  0.23959936 0.19321972 0.01033777]]
2021-03-20 223833 : [[0.5399475  0.37705642 0.23954713 0.19321965 0.0103161 ]]
2021-03-20 223833 : [[0.5399474  0.377056   0.23949502 0.19321954 0.01029401]]
2021-03-20 223833 : [[0.53994703 0.37705597 0.23944584 0.1932196  0.01027229]]
2021-03-20 223833 : [[0.5399473  0.37705618 0.23939693 0.19321933 0.01025077]]
2021-03-20 223834 : [[0.5399471  0.37705618 0.23934917 0.19321936 0.01022918]]
2021-03-20 223834 : [[0.5399474  0.377056   0.23930351 0.19321951 0.01020784]]
2021-03-20 223834 : [[0.539947   0.37705582 0.23925792 0.19321918 0.01018701]]
2021-03-20 223834 : [[0.5399476  0.37705627 0.23921317 0.19321866 0.01016576]]
2021-03-20 223834 : [[0.539948   0.3770565  0.23917145 0.19321944 0.01014457]]
2021-03-20 223834 : [[0.53994685 0.37705708 0.23912999 0.19321947 0.01012395]]
2021-03-20 223834 : [[0.5399482  0.37705684 0.23908965 0.19321938 0.01010319]]
2021-03-20 223834 : [[0.53994715 0.3770562  0.2390498  0.19321871 0.01008267]]
2021-03-20 223834 : [[0.5399471  0.37705642 0.23901369 0.19321978 0.01006217]]
2021-03-20 223834 : [[0.5399467  0.37705615 0.23897669 0.19321944 0.01004189]]
2021-03-20 223835 : [[0.53994775 0.37705627 0.23894027 0.19321892 0.01002132]]
2021-03-20 223835 : [[0.5399476  0.37705588 0.23890583 0.19321951 0.01000162]]
2021-03-20 223835 : [[0.53994775 0.37705594 0.23887166 0.19321936 0.00998142]]
2021-03-20 223835 : [[0.53994775 0.3770558  0.23883931 0.19321948 0.00996185]]
2021-03-20 223835 : [[0.53994715 0.37705544 0.23880725 0.19321871 0.00994206]]
2021-03-20 223835 : [[0.5399477  0.37705606 0.23877585 0.19321992 0.00992237]]
2021-03-20 223835 : [[0.53994733 0.37705708 0.23874603 0.19321947 0.00990286]]
2021-03-20 223835 : [[0.539947   0.3770572  0.23871684 0.19321981 0.00988372]]
2021-03-20 223835 : [[0.53994685 0.3770569  0.23868848 0.19321935 0.00986421]]
2021-03-20 223835 : [[0.53994745 0.37705666 0.23866099 0.19321972 0.00984528]]
2021-03-20 223836 : [[0.5399476  0.3770564  0.23863411 0.19321978 0.0098263 ]]
2021-03-20 223836 : [[0.53994834 0.3770564  0.23860815 0.19321957 0.00980732]]
2021-03-20 223836 : [[0.53994757 0.3770557  0.23858282 0.19321948 0.00978826]]
2021-03-20 223836 : [[0.53994656 0.3770561  0.23855823 0.19321945 0.00977011]]
2021-03-20 223836 : [[0.5399472  0.3770561  0.23853461 0.19321951 0.00975146]]
2021-03-20 223836 : [[0.53994775 0.37705672 0.23851132 0.19321895 0.00973317]]
2021-03-20 223836 : [[0.539948   0.37705672 0.23848914 0.19321916 0.00971467]]
2021-03-20 223836 : [[0.5399474  0.3770566  0.23846883 0.19321936 0.0096965 ]]
2021-03-20 223836 : [[0.539948   0.3770566  0.23844686 0.19321981 0.00967838]]
2021-03-20 223836 : [[0.53994733 0.3770566  0.23842764 0.1932191  0.00966007]]
2021-03-20 223837 : [[0.53994703 0.3770566  0.23840716 0.19321935 0.00964237]]
2021-03-20 223837 : [[0.53994703 0.3770566  0.23838907 0.19321921 0.00962451]]
2021-03-20 223837 : [[0.53994703 0.37705642 0.23837005 0.19321942 0.0096067 ]]
2021-03-20 223837 : [[0.5399473  0.37705657 0.23835286 0.19321948 0.0095895 ]]
2021-03-20 223837 : [[0.5399473  0.37705678 0.23833546 0.19321887 0.00957203]]
2021-03-20 223837 : [[0.53994757 0.37705678 0.23831889 0.19321924 0.00955479]]
2021-03-20 223837 : [[0.53994757 0.37705678 0.2383026  0.19321883 0.00953736]]
2021-03-20 223837 : [[0.5399469  0.37705654 0.238287   0.19321942 0.00952005]]
2021-03-20 223837 : [[0.539948   0.37705642 0.23827207 0.19321918 0.00950299]]
2021-03-20 223838 : [[0.5399477  0.37705642 0.2382573  0.19321953 0.00948614]]
2021-03-20 223838 : [[0.5399479  0.37705663 0.2382431  0.19321966 0.00946922]]
2021-03-20 223838 : [[0.53994715 0.37705663 0.23822954 0.19321951 0.00945245]]
2021-03-20 223838 : [[0.53994703 0.37705663 0.2382157  0.19321889 0.00943594]]
2021-03-20 223838 : [[0.53994703 0.37705663 0.23820302 0.1932193  0.00941936]]
2021-03-20 223838 : [[0.5399472  0.37705642 0.2381905  0.19321902 0.00940282]]
2021-03-20 223838 : [[0.5399472  0.37705642 0.23817948 0.19321913 0.00938643]]
2021-03-20 223838 : [[0.5399472  0.37705654 0.23816858 0.19321941 0.00937043]]
2021-03-20 223838 : [[0.53994733 0.37705678 0.23815668 0.1932188  0.00935427]]
2021-03-20 223838 : [[0.53994733 0.37705678 0.23814623 0.19322026 0.00933795]]
2021-03-20 223839 : [[0.5399471  0.37705678 0.23813541 0.19321941 0.00932223]]
2021-03-20 223839 : [[0.53994745 0.37705678 0.2381256  0.1932193  0.00930616]]
2021-03-20 223839 : [[0.5399473  0.37705678 0.23811585 0.19321911 0.00929048]]
2021-03-20 223839 : [[0.5399474  0.37705678 0.23810731 0.19321913 0.00927461]]
2021-03-20 223839 : [[0.5399474  0.37705654 0.23809798 0.1932194  0.00925933]]
2021-03-20 223839 : [[0.53994757 0.37705654 0.23808953 0.19321942 0.00924351]]
2021-03-20 223839 : [[0.53994775 0.37705654 0.2380802  0.1932194  0.0092281 ]]
2021-03-20 223839 : [[0.53994775 0.37705654 0.23807189 0.1932195  0.00921289]]
2021-03-20 223839 : [[0.53994775 0.37705654 0.2380649  0.19321921 0.00919759]]
2021-03-20 223839 : [[0.53994775 0.37705654 0.23805642 0.19321908 0.00918259]]
2021-03-20 223840 : [[0.53994775 0.37705654 0.23804958 0.19321898 0.00916736]]
2021-03-20 223840 : [[0.5399476  0.37705678 0.23804256 0.19321933 0.00915233]]
2021-03-20 223840 : [[0.5399476  0.37705678 0.23803651 0.19321889 0.00913736]]
2021-03-20 223840 : [[0.5399476  0.37705678 0.2380293  0.19321954 0.00912246]]
2021-03-20 223840 : [[0.5399476  0.37705678 0.23802352 0.19321842 0.00910792]]
2021-03-20 223840 : [[0.5399476  0.37705678 0.23801665 0.19321942 0.00909345]]
2021-03-20 223840 : [[0.5399476  0.37705654 0.23801059 0.19321969 0.00907858]]
2021-03-20 223840 : [[0.5399476  0.37705654 0.23800467 0.19321989 0.00906424]]
2021-03-20 223840 : [[0.5399476  0.37705654 0.23800048 0.19321898 0.00904962]]
2021-03-20 223840 : [[0.5399476  0.37705654 0.23799507 0.19321987 0.00903546]]
2021-03-20 223841 : [[0.5399476  0.37705654 0.23798946 0.1932193  0.0090214 ]]
2021-03-20 223841 : [[0.5399482  0.37705654 0.23798531 0.19321932 0.0090071 ]]
2021-03-20 223841 : [[0.5399482  0.37705654 0.23798074 0.1932188  0.00899298]]
2021-03-20 223841 : [[0.5399471  0.37705678 0.23797578 0.1932197  0.00897905]]
2021-03-20 223841 : [[0.53994745 0.37705678 0.23797135 0.19321966 0.00896521]]
2021-03-20 223841 : [[0.53994745 0.37705678 0.23796725 0.19321966 0.00895135]]
2021-03-20 223841 : [[0.53994745 0.37705678 0.23796329 0.19321948 0.0089377 ]]
2021-03-20 223841 : [[0.53994745 0.37705678 0.23795924 0.19321895 0.00892427]]
2021-03-20 223841 : [[0.5399475  0.37705654 0.23795578 0.19321834 0.00891459]]
2021-03-20 223841 : [[0.5399482  0.37705654 0.23795275 0.19321942 0.00891267]]
2021-03-20 223842 : [[0.5399482  0.37705654 0.2379507  0.19321957 0.00891027]]
2021-03-20 223842 : [[0.5399482  0.37705654 0.2379506  0.1932195  0.00890835]]
2021-03-20 223842 : [[0.5399475  0.37705654 0.23794904 0.1932195  0.00890615]]
2021-03-20 223842 : [[0.5399475  0.37705654 0.23794968 0.1932195  0.00890409]]
2021-03-20 223842 : [[0.5399474  0.37705678 0.23794837 0.19321916 0.00890171]]
2021-03-20 223842 : [[0.5399475  0.37705678 0.2379482  0.19321871 0.00889954]]
2021-03-20 223842 : [[0.5399475  0.37705678 0.2379476  0.19321957 0.00889749]]
2021-03-20 223842 : [[0.53994787 0.37705678 0.23794755 0.19321957 0.00889539]]
2021-03-20 223842 : [[0.53994787 0.37705678 0.2379477  0.193219   0.00889352]]
2021-03-20 223842 : [[0.53994787 0.37705654 0.23794684 0.19321975 0.00889152]]
2021-03-20 223843 : [[0.53994787 0.37705654 0.23794723 0.1932193  0.00888941]]
2021-03-20 223843 : [[0.53994787 0.37705654 0.23794651 0.19321889 0.00888736]]
2021-03-20 223843 : [[0.53994787 0.37705654 0.23794627 0.19321889 0.00888513]]
2021-03-20 223843 : [[0.53994787 0.37705654 0.2379449  0.1932196  0.00888311]]
2021-03-20 223843 : [[0.5399475  0.37705654 0.23794603 0.19321981 0.00888104]]
2021-03-20 223843 : [[0.5399475  0.37705654 0.23794574 0.19321936 0.00887895]]
2021-03-20 223843 : [[0.53994775 0.37705678 0.23794529 0.19321936 0.00887701]]
2021-03-20 223843 : [[0.53994775 0.37705678 0.23794526 0.19321936 0.00887478]]
2021-03-20 223843 : [[0.5399475  0.37705678 0.23794584 0.19321923 0.00887278]]
2021-03-20 223843 : [[0.53994787 0.37705678 0.2379455  0.1932196  0.00887106]]
2021-03-20 223844 : [[0.53994787 0.37705678 0.23794514 0.19321924 0.00886887]]
2021-03-20 223844 : [[0.53994787 0.37705654 0.23794447 0.19321924 0.00886675]]
2021-03-20 223844 : [[0.53994787 0.37705654 0.23794521 0.19321923 0.00886487]]
2021-03-20 223844 : [[0.53994787 0.37705654 0.23794502 0.19321933 0.00886279]]
2021-03-20 223844 : [[0.53994787 0.37705654 0.23794498 0.19321981 0.0088609 ]]
2021-03-20 223844 : [[0.53994787 0.37705654 0.23794423 0.19321933 0.00885886]]
2021-03-20 223844 : [[0.5399475  0.37705654 0.23794428 0.19321981 0.00885689]]
2021-03-20 223844 : [[0.5399475  0.37705678 0.2379438  0.1932196  0.00885503]]
2021-03-20 223844 : [[0.5399475  0.37705678 0.23794518 0.1932196  0.00885301]]
2021-03-20 223844 : [[0.5399475  0.37705678 0.2379447  0.1932196  0.00885074]]
2021-03-20 223845 : [[0.53994787 0.37705678 0.23794414 0.19321883 0.00884901]]
2021-03-20 223845 : [[0.53994787 0.37705678 0.23794368 0.19321883 0.00884729]]
2021-03-20 223845 : [[0.53994787 0.37705654 0.23794442 0.19321883 0.00884513]]
2021-03-20 223845 : [[0.53994787 0.37705654 0.23794468 0.19321966 0.00884319]]
2021-03-20 223845 : [[0.5399482  0.37705654 0.23794383 0.19321907 0.00884131]]
2021-03-20 223845 : [[0.5399482  0.37705654 0.23794407 0.1932196  0.00883937]]
2021-03-20 223845 : [[0.5399475  0.37705654 0.23794389 0.19321916 0.00883759]]
2021-03-20 223845 : [[0.5399474  0.37705654 0.23794408 0.19321875 0.00883555]]
2021-03-20 223845 : [[0.5399474  0.37705654 0.23794428 0.19321832 0.00883345]]
2021-03-20 223845 : [[0.5399474  0.37705678 0.23794377 0.19321981 0.00883173]]
2021-03-20 223846 : [[0.5399475  0.37705678 0.23794444 0.19321898 0.00882981]]
2021-03-20 223846 : [[0.5399482  0.37705678 0.2379442  0.19321913 0.00882788]]
2021-03-20 223846 : [[0.5399482  0.37705678 0.23794426 0.19321913 0.00882587]]
2021-03-20 223846 : [[0.5399482  0.37705678 0.23794419 0.19321921 0.00882375]]
2021-03-20 223846 : [[0.5399475  0.37705654 0.2379438  0.19321921 0.00882205]]
2021-03-20 223846 : [[0.5399475  0.37705654 0.23794334 0.19321913 0.00882022]]
2021-03-20 223846 : [[0.5399474  0.37705654 0.23794378 0.19321913 0.0088184 ]]
2021-03-20 223846 : [[0.5399475  0.37705654 0.23794371 0.19321929 0.00881639]]
2021-03-20 223846 : [[0.5399475  0.37705654 0.23794344 0.1932188  0.00881485]]
2021-03-20 223846 : [[0.5399482  0.37705654 0.23794322 0.19321981 0.00881261]]
2021-03-20 223847 : [[0.5399482  0.37705678 0.23794293 0.1932188  0.00881082]]
2021-03-20 223847 : [[0.5399475  0.37705678 0.23794371 0.19321832 0.00880896]]
2021-03-20 223847 : [[0.5399475  0.37705678 0.23794414 0.1932188  0.00880713]]
2021-03-20 223847 : [[0.5399475  0.37705678 0.23794335 0.19321981 0.00880521]]
2021-03-20 223847 : [[0.5399475  0.37705678 0.23794381 0.1932188  0.00880328]]
2021-03-20 223847 : [[0.5399482  0.37705654 0.23794387 0.1932188  0.00880145]]
2021-03-20 223847 : [[0.5399475  0.37705654 0.23794323 0.19321948 0.00879959]]
2021-03-20 223847 : [[0.5399475  0.37705654 0.2379445  0.19321948 0.00879786]]
2021-03-20 223847 : [[0.5399475  0.37705654 0.2379439  0.19321948 0.00879579]]
2021-03-20 223847 : [[0.5399482  0.37705654 0.2379439  0.19321948 0.00879408]]
2021-03-20 223848 : [[0.5399482  0.37705654 0.23794371 0.1932195  0.00879248]]
2021-03-20 223848 : [[0.5399474  0.37705678 0.2379446  0.1932188  0.00879018]]
2021-03-20 223848 : [[0.5399474  0.37705678 0.23794311 0.19321957 0.0087885 ]]
2021-03-20 223848 : [[0.5399475  0.37705678 0.23794295 0.19321957 0.00878648]]
2021-03-20 223848 : [[0.5399475  0.37705678 0.23794311 0.19321941 0.00878474]]
2021-03-20 223848 : [[0.5399482  0.37705654 0.23794305 0.19321889 0.00878306]]
2021-03-20 223848 : [[0.5399482  0.37705654 0.23794363 0.19321957 0.00878119]]
2021-03-20 223848 : [[0.5399482  0.37705654 0.23794308 0.19321975 0.0087794 ]]
2021-03-20 223848 : [[0.5399474  0.37705654 0.23794381 0.1932193  0.00877755]]
2021-03-20 223848 : [[0.5399474  0.37705654 0.23794371 0.19321933 0.00877578]]
2021-03-20 223849 : [[0.5399474  0.37705654 0.23794346 0.19321868 0.00877393]]
2021-03-20 223849 : [[0.5399475  0.37705678 0.23794268 0.19321868 0.00877207]]
2021-03-20 223849 : [[0.5399482  0.37705678 0.23794316 0.19321868 0.00876992]]
2021-03-20 223849 : [[0.5399482  0.37705678 0.23794359 0.19321889 0.00876843]]
2021-03-20 223849 : [[0.5399482  0.37705678 0.23794256 0.1932194  0.0087668 ]]
2021-03-20 223849 : [[0.5399475  0.37705678 0.23794292 0.1932193  0.00876477]]
2021-03-20 223849 : [[0.5399474  0.37705654 0.23794359 0.19321974 0.00876297]]
2021-03-20 223849 : [[0.5399474  0.37705654 0.23794268 0.19321857 0.00876089]]
2021-03-20 223849 : [[0.5399475  0.37705654 0.23794335 0.19321856 0.00875956]]
2021-03-20 223850 : [[0.5399482  0.37705654 0.23794281 0.19321966 0.00875754]]
2021-03-20 223850 : [[0.5399482  0.37705654 0.2379425  0.19321966 0.00875571]]
2021-03-20 223850 : [[0.5399475  0.37705654 0.23794338 0.19321898 0.00875393]]
2021-03-20 223850 : [[0.5399475  0.37705678 0.23794302 0.19321898 0.00875214]]
2021-03-20 223850 : [[0.5399475  0.37705678 0.23794252 0.1932194  0.00875028]]
2021-03-20 223850 : [[0.5399475  0.37705678 0.23794213 0.1932194  0.00874875]]
2021-03-20 223850 : [[0.5399475  0.37705678 0.23794165 0.19321898 0.00874693]]
2021-03-20 223850 : [[0.5399482  0.37705654 0.23794307 0.19321898 0.00874496]]
2021-03-20 223850 : [[0.5399482  0.37705654 0.2379428  0.1932193  0.00874332]]
2021-03-20 223850 : [[0.5399475  0.37705654 0.23794231 0.1932193  0.00874133]]
2021-03-20 223851 : [[0.5399475  0.37705654 0.23794194 0.1932193  0.00873953]]
2021-03-20 223851 : [[0.5399474  0.37705654 0.23794228 0.1932193  0.00873747]]
2021-03-20 223851 : [[0.5399475  0.37705654 0.23794337 0.1932193  0.00873636]]
2021-03-20 223851 : [[0.5399482  0.37705678 0.23794308 0.19321932 0.00873439]]
2021-03-20 223851 : [[0.5399482  0.37705678 0.23794357 0.19321933 0.00873241]]
2021-03-20 223851 : [[0.5399475  0.37705678 0.23794223 0.19321933 0.00873061]]
2021-03-20 223851 : [[0.5399474  0.37705678 0.23794203 0.19321889 0.00872875]]
2021-03-20 223851 : [[0.5399475  0.37705678 0.23794246 0.19321895 0.00872711]]
2021-03-20 223851 : [[0.5399475  0.37705654 0.23794225 0.19321917 0.00872522]]
2021-03-20 223851 : [[0.5399482  0.37705654 0.23794228 0.19321942 0.00872353]]
2021-03-20 223852 : [[0.5399482  0.37705654 0.23794249 0.19321834 0.00872178]]
2021-03-20 223852 : [[0.5399475  0.37705654 0.23794243 0.19321865 0.00871999]]
2021-03-20 223852 : [[0.5399475  0.37705654 0.23794265 0.19321865 0.00871808]]
2021-03-20 223852 : [[0.5399475  0.37705654 0.23794194 0.19321865 0.00871643]]
2021-03-20 223852 : [[0.5399475  0.37705678 0.23794231 0.19321913 0.00871448]]
2021-03-20 223852 : [[0.5399475  0.37705678 0.23794165 0.19321957 0.00871282]]
2021-03-20 223852 : [[0.5399482  0.37705678 0.2379416  0.19321957 0.00871092]]
2021-03-20 223852 : [[0.5399482  0.37705678 0.23794192 0.19321957 0.00870899]]
2021-03-20 223852 : [[0.5399475  0.37705654 0.23794255 0.19321957 0.00870738]]
2021-03-20 223852 : [[0.5399474  0.37705654 0.23794197 0.19321924 0.00870573]]
2021-03-20 223853 : [[0.5399474  0.37705654 0.23794232 0.19321975 0.00870405]]
2021-03-20 223927 : [[0.3348881  0.80627966 1.2647457  0.28369918 0.6393896 ]]
2021-03-20 223936 : [[0.32435447 0.8058748  1.2377641  0.28309363 0.6226487 ]]
2021-03-20 223951 : [[2.7410357  2.7950919  2.5147123  2.9383144  0.70306486]]
2021-03-20 224000 : [[1.7846353  0.45473692 1.3537962  1.9184954  0.47426763]]
2021-03-20 224010 : [[1.779825   0.28864172 1.3537962  1.9184843  0.47424626]]
2021-03-21 163822 : [[0.5383663  0.40707844 4.674382   3.317365   2.5181696 ]]
2021-03-21 163831 : [[0.135574   0.09306363 2.228224   2.0235736  1.0719901 ]]
2021-03-21 163840 : [[0.13508014 0.09167401 2.192504   2.0086005  1.0684309 ]]
2021-03-21 163850 : [[0.1350802  0.09167425 2.1869686  2.008603   1.0684302 ]]
2021-03-21 163859 : [[0.13508031 0.09167392 2.1868627  2.0085983  1.0684307 ]]
2021-03-21 163908 : [[0.1350802  0.09167396 2.1868622  2.0086012  1.0684311 ]]
2021-03-21 163917 : [[0.1350802  0.09167433 2.1868615  2.0086033  1.0684307 ]]
2021-03-21 163933 : [[3.6849816  1.5537508  1.4253649  2.3007884  0.55936104]]
2021-03-21 163933 : [[3.653475  1.5349641 1.3946428 2.2758079 0.5434554]]
2021-03-21 163933 : [[3.627212   1.5190549  1.3686187  2.2546625  0.53078544]]
2021-03-21 163933 : [[3.6017766 1.5034255 1.3430687 2.2338984 0.519032 ]]
2021-03-21 163933 : [[3.576517  1.487671  1.3173671 2.2129996 0.5078478]]
2021-03-21 163933 : [[3.551261  1.4716457 1.2928182 2.191807  0.4971221]]
2021-03-21 163934 : [[3.5259454 1.4552678 1.2680067 2.170285  0.4867938]]
2021-03-21 163934 : [[3.5005918  1.4389446  1.242953   2.148429   0.47679812]]
2021-03-21 163934 : [[3.4752061  1.4221221  1.2177098  2.1262493  0.46708083]]
2021-03-21 163934 : [[3.44982    1.4046699  1.1923405  2.103757   0.45757866]]
2021-03-21 163934 : [[3.4244456  1.3865844  1.1669117  2.0809603  0.44824538]]
2021-03-21 163934 : [[3.3991141 1.3717005 1.1414869 2.0578532 0.4390465]]
2021-03-21 163934 : [[3.373829   1.3607563  1.1161394  2.03444    0.42995644]]
2021-03-21 163934 : [[3.3486223  1.3496642  1.0909352  2.0107088  0.42096335]]
2021-03-21 163934 : [[3.323511   1.3384484  1.0659361  1.9866663  0.41206625]]
2021-03-21 163934 : [[3.2985024  1.327132   1.0411992  1.9623111  0.40325725]]
2021-03-21 163935 : [[3.2736154  1.3157401  1.0167806  1.937658   0.39454487]]
2021-03-21 163935 : [[3.248856   1.3042918  0.9927292  1.9127173  0.38592824]]
2021-03-21 163935 : [[3.2242236  1.2928269  0.9690896  1.887513   0.37741446]]
2021-03-21 163935 : [[3.199714   1.2824496  0.94590485 1.8620586  0.3690087 ]]
2021-03-21 163935 : [[3.1753414  1.2729     0.92321515 1.8363754  0.36071193]]
2021-03-21 163935 : [[3.1510732  1.2634414  0.90134454 1.8104832  0.35252962]]
2021-03-21 163935 : [[3.1269095  1.254085   0.88187486 1.7857972  0.3444577 ]]
2021-03-21 163935 : [[3.1028352  1.2448486  0.8629556  1.7618816  0.33649892]]
2021-03-21 163935 : [[3.07883    1.2357435  0.84459245 1.7379649  0.32865414]]
2021-03-21 163935 : [[3.0548725  1.2267717  0.8267876  1.714062   0.32091013]]
2021-03-21 163936 : [[3.0309339  1.2179456  0.8095431  1.6901916  0.31327152]]
2021-03-21 163936 : [[3.0069864  1.2092744  0.79286313 1.6663567  0.3057258 ]]
2021-03-21 163936 : [[2.9830027  1.2007604  0.7767441  1.6425643  0.29826635]]
2021-03-21 163936 : [[2.9589515  1.1924111  0.7611973  1.61882    0.29090482]]
2021-03-21 163936 : [[2.9347844  1.184227   0.7462544  1.5951217  0.28442806]]
2021-03-21 163936 : [[2.9104676  1.1762178  0.7320217  1.5714749  0.27806973]]
2021-03-21 163936 : [[2.8859532  1.1683793  0.720267   1.5478745  0.27182463]]
2021-03-21 163936 : [[2.8611987  1.160708   0.70910245 1.5243235  0.26568672]]
2021-03-21 163936 : [[2.8361492  1.1532158  0.69831336 1.5016915  0.25965208]]
2021-03-21 163936 : [[2.810763   1.1459017  0.69045746 1.4818462  0.25372133]]
2021-03-21 163937 : [[2.784983  1.1387563 0.6830041 1.462096  0.2478874]]
2021-03-21 163937 : [[2.7587528  1.1317877  0.6758429  1.44243    0.24258062]]
2021-03-21 163937 : [[2.7320335  1.1252666  0.66895294 1.4234412  0.23774318]]
2021-03-21 163937 : [[2.704772   1.1197553  0.66231954 1.4051261  0.23301372]]
2021-03-21 163937 : [[2.6769297  1.1144407  0.655934   1.3869425  0.22839335]]
2021-03-21 163937 : [[2.6517334  1.1093223  0.64978874 1.3688785  0.22387752]]
2021-03-21 163937 : [[2.6286604 1.1044002 0.6438483 1.3509334 0.2194611]]
2021-03-21 163937 : [[2.6049824  1.0996696  0.6380965  1.3331026  0.21514346]]
2021-03-21 163937 : [[2.5806606  1.0951192  0.6325233  1.3153787  0.21092045]]
2021-03-21 163938 : [[2.5556483  1.0907514  0.6271214  1.2977622  0.20678571]]
2021-03-21 163938 : [[2.5299225  1.0865495  0.62187564 1.280252   0.2027368 ]]
2021-03-21 163938 : [[2.503425  1.082512  0.6167806 1.2628449 0.1987668]]
2021-03-21 163938 : [[2.4761288  1.078644   0.6118231  1.245545   0.19487369]]
2021-03-21 163938 : [[2.4479835  1.074923   0.60700005 1.2283564  0.19105473]]
2021-03-21 163938 : [[2.4189522  1.0713522  0.60229933 1.2112869  0.18730307]]
2021-03-21 163938 : [[2.38898    1.067927   0.59771466 1.198365   0.18361849]]
2021-03-21 163938 : [[2.3619118  1.0650767  0.5932387  1.1868067  0.17999496]]
2021-03-21 163938 : [[2.344371   1.0624875  0.588866   1.1753762  0.17643334]]
2021-03-21 163938 : [[2.3306637  1.0599978  0.58459127 1.1640726  0.17292881]]
2021-03-21 163939 : [[2.3167586  1.0576138  0.58040726 1.152883   0.16948058]]
2021-03-21 163939 : [[2.302652   1.0553588  0.57630837 1.1418113  0.16608782]]
2021-03-21 163939 : [[2.2883425  1.0537293  0.5722921  1.1308485  0.16274744]]
2021-03-21 163939 : [[2.2738378 1.052167  0.56835   1.1199931 0.1594601]]
2021-03-21 163939 : [[2.2591543 1.0506629 0.5644828 1.1092397 0.1562255]]
2021-03-21 163939 : [[2.2443137  1.0492151  0.5606837  1.098589   0.15304135]]
2021-03-21 163939 : [[2.2293491  1.0478178  0.55694735 1.0880356  0.14990929]]
2021-03-21 163939 : [[2.2142882  1.0464866  0.5532707  1.0775838  0.14682917]]
2021-03-21 163939 : [[2.199162   1.0451928  0.5496518  1.0672262  0.14379852]]
2021-03-21 163939 : [[2.1840029  1.0439589  0.54608613 1.0569674  0.14082056]]
2021-03-21 163940 : [[2.1688378  1.0427668  0.54257095 1.0468048  0.13789375]]
2021-03-21 163940 : [[2.1536775  1.0416206  0.539107   1.036744   0.13501658]]
2021-03-21 163940 : [[2.138536   1.0405209  0.5356854  1.026787   0.13219206]]
2021-03-21 163940 : [[2.1234126  1.0394692  0.53230727 1.0169442  0.12941861]]
2021-03-21 163940 : [[2.1083121  1.0384531  0.53070474 1.0072273  0.12669566]]
2021-03-21 163940 : [[2.0932398  1.0374886  0.5304985  0.9995387  0.12402385]]
2021-03-21 163940 : [[2.0782075  1.036554   0.5302887  0.9948027  0.12140302]]
2021-03-21 163940 : [[2.0633266  1.0356591  0.53007585 0.9901272  0.11883202]]
2021-03-21 163940 : [[2.0531745  1.0348029  0.5298613  0.9855076  0.11631176]]
2021-03-21 163940 : [[2.0430691  1.033981   0.5296463  0.9809407  0.11384222]]
2021-03-21 163941 : [[2.0330157  1.0331937  0.5294311  0.97642505 0.11142246]]
2021-03-21 163941 : [[2.0230072  1.0324409  0.5292151  0.9719631  0.10905281]]
2021-03-21 163941 : [[2.0130136  1.0317159  0.52900076 0.96803427 0.1067314 ]]
2021-03-21 163941 : [[2.0029907  1.0310217  0.5287892  0.9658978  0.10445964]]
2021-03-21 163941 : [[1.9928958  1.030364   0.52857417 0.9638305  0.10223587]]
2021-03-21 163941 : [[1.9857422  1.0297219  0.52836484 0.9618336  0.10006168]]
2021-03-21 163941 : [[1.9794396  1.0291164  0.5281553  0.9599113  0.09793517]]
2021-03-21 163941 : [[1.973325   1.0285408  0.5279492  0.95806086 0.09585635]]
2021-03-21 163941 : [[1.9674437  1.0279852  0.5277427  0.9562875  0.09382529]]
2021-03-21 163941 : [[1.9618387  1.027463   0.5275403  0.954589   0.09184147]]
2021-03-21 163942 : [[1.9565437  1.0269536  0.52734077 0.9529656  0.08990443]]
2021-03-21 163942 : [[1.9515737  1.0264734  0.5271435  0.9514158  0.08801396]]
2021-03-21 163942 : [[1.9469373  1.0260112  0.52694976 0.9499523  0.08617056]]
2021-03-21 163942 : [[1.9426454  1.0255721  0.5267586  0.9485731  0.08437141]]
2021-03-21 163942 : [[1.938701   1.0251548  0.5265698  0.9472635  0.08261847]]
2021-03-21 163942 : [[1.9351044  1.0247627  0.5263847  0.946018   0.08091073]]
2021-03-21 163942 : [[1.9318599  1.0243802  0.5262034  0.9448391  0.07924721]]
2021-03-21 163942 : [[1.928968   1.024013   0.52602565 0.943723   0.0776272 ]]
2021-03-21 163942 : [[1.9264212  1.0236763  0.5258509  0.9426674  0.07604977]]
2021-03-21 163942 : [[1.9242152  1.0233488  0.5256785  0.9416709  0.07451587]]
2021-03-21 163943 : [[1.9223287  1.0230359  0.5255112  0.9407321  0.07302402]]
2021-03-21 163943 : [[1.9207411  1.0227377  0.52534544 0.9398481  0.0715735 ]]
2021-03-21 163943 : [[1.9194275  1.0224574  0.525184   0.9390146  0.07016398]]
2021-03-21 163943 : [[1.91836    1.0221927  0.52502763 0.93823105 0.06884193]]
2021-03-21 163943 : [[1.9175127  1.0219389  0.52487254 0.9374955  0.06766013]]
2021-03-21 163943 : [[1.91686    1.0216972  0.52472067 0.9368025  0.06651269]]
2021-03-21 163943 : [[1.9163725  1.0214667  0.5245743  0.93615156 0.06540006]]
2021-03-21 163943 : [[1.9160341  1.0212551  0.5244321  0.9355404  0.06431977]]
2021-03-21 163943 : [[1.9158206  1.0210474  0.5242906  0.93496585 0.06327156]]
2021-03-21 163943 : [[1.9157093  1.0208505  0.5241527  0.93442464 0.06225323]]
2021-03-21 163944 : [[1.9156798  1.0206698  0.52401817 0.9339139  0.06126551]]
2021-03-21 163944 : [[1.9157102  1.0204952  0.5238877  0.9334324  0.06030585]]
2021-03-21 163944 : [[1.9157851  1.0203283  0.5237616  0.9329766  0.05937308]]
2021-03-21 163944 : [[1.9158875  1.0201745  0.52363837 0.93254614 0.05846649]]
2021-03-21 163944 : [[1.9160011  1.0200288  0.52351874 0.932137   0.05758498]]
2021-03-21 163944 : [[1.916116   1.0199443  0.52339876 0.93174964 0.05672858]]
2021-03-21 163944 : [[1.9162312  1.0199145  0.5232838  0.9313797  0.05589583]]
2021-03-21 163944 : [[1.9163345  1.0198883  0.5231747  0.93102515 0.05508515]]
2021-03-21 163944 : [[1.9164232  1.0198656  0.52306527 0.93068653 0.05429633]]
2021-03-21 163945 : [[1.9164956  1.019841   0.52295935 0.9303584  0.0535289 ]]
2021-03-21 163945 : [[1.9165454  1.0198196  0.52285755 0.9300443  0.05278239]]
2021-03-21 163945 : [[1.9165757  1.0198051  0.52275705 0.9297406  0.05205557]]
2021-03-21 163945 : [[1.9165823  1.0197871  0.5226598  0.92944646 0.05134775]]
2021-03-21 163945 : [[1.9165698  1.0197785  0.5225678  0.9291613  0.05101405]]
2021-03-21 163945 : [[1.9165392  1.0197624  0.5224754  0.92888284 0.0507187 ]]
2021-03-21 163945 : [[1.9164908  1.0197552  0.52238756 0.92861146 0.05042869]]
2021-03-21 163945 : [[1.9164307  1.0197451  0.5223011  0.9283471  0.05014432]]
2021-03-21 163945 : [[1.9163649  1.0197412  0.52221525 0.9280881  0.04986501]]
2021-03-21 163945 : [[1.9162908  1.0197386  0.5221356  0.92783463 0.04958989]]
2021-03-21 163946 : [[1.9162133  1.0197287  0.52205724 0.92758554 0.04931969]]
2021-03-21 163946 : [[1.9161308  1.0197303  0.52198076 0.92734    0.04905312]]
2021-03-21 163946 : [[1.9160542  1.0197281  0.52190703 0.9271009  0.04879027]]
2021-03-21 163946 : [[1.9159751  1.0197222  0.52183515 0.9268635  0.04853147]]
2021-03-21 163946 : [[1.9159002  1.0197233  0.521767   0.92663085 0.04827521]]
2021-03-21 163946 : [[1.9158326  1.0197239  0.5216993  0.9264044  0.04802273]]
2021-03-21 163946 : [[1.9157709  1.0197221  0.5216349  0.9261783  0.04777271]]
2021-03-21 163946 : [[1.9157164  1.019727   0.5215715  0.92595947 0.04752574]]
2021-03-21 163946 : [[1.9156682  1.0197239  0.5215089  0.9257405  0.04728166]]
2021-03-21 163946 : [[1.915625   1.0197248  0.52145076 0.92552644 0.04704004]]
2021-03-21 163947 : [[1.9155906  1.0197229  0.52139467 0.92531675 0.04680213]]
2021-03-21 163947 : [[1.9155655  1.0197275  0.52133733 0.92511106 0.04656588]]
2021-03-21 163947 : [[1.9155432  1.0197291  0.52128464 0.9249078  0.0463319 ]]
2021-03-21 163947 : [[1.9155254  1.0197252  0.52123326 0.92470956 0.04610086]]
2021-03-21 163947 : [[1.9155188  1.0197268  0.5211827  0.9245126  0.04587258]]
2021-03-21 163947 : [[1.9155078  1.0197293  0.5211345  0.92432046 0.04564594]]
2021-03-21 163947 : [[1.9155059  1.0197284  0.52108794 0.9241338  0.04542172]]
2021-03-21 163947 : [[1.9155045  1.0197277  0.5210427  0.92394984 0.04520009]]
2021-03-21 163947 : [[1.9155064  1.0197265  0.52099955 0.92376715 0.04498016]]
2021-03-21 163947 : [[1.9155068  1.0197316  0.5209564  0.92359096 0.04476256]]
2021-03-21 163948 : [[1.9155111  1.019731   0.52091604 0.92341644 0.04454716]]
2021-03-21 163948 : [[1.9155116  1.0197295  0.5208783  0.92324567 0.04433325]]
2021-03-21 163948 : [[1.9155154  1.0197278  0.52083874 0.92307985 0.04412096]]
2021-03-21 163948 : [[1.9155214  1.0197318  0.5208019  0.9229163  0.04391121]]
2021-03-21 163948 : [[1.9155233  1.0197303  0.52076733 0.92275715 0.04370354]]
2021-03-21 163948 : [[1.9155245  1.0197301  0.5207324  0.92259943 0.04349727]]
2021-03-21 163948 : [[1.9155272  1.0197291  0.5207003  0.92244554 0.04329222]]
2021-03-21 163948 : [[1.915528   1.0197293  0.520669   0.9222954  0.04308964]]
2021-03-21 163948 : [[1.915529  1.0197281 0.5206372 0.9221472 0.0428883]]
2021-03-21 163948 : [[1.9155278  1.0197291  0.5206068  0.92200315 0.04268875]]
2021-03-21 163949 : [[1.9155266  1.0197277  0.52057874 0.921861   0.04249065]]
2021-03-21 163949 : [[1.9155244  1.0197314  0.5205528  0.9217235  0.04229464]]
2021-03-21 163949 : [[1.9155223  1.0197316  0.5205257  0.92158794 0.04209874]]
2021-03-21 163949 : [[1.9155259  1.0197269  0.520501   0.9214547  0.04190557]]
2021-03-21 163949 : [[1.9155208  1.0197265  0.52047694 0.921323   0.0417135 ]]
2021-03-21 163949 : [[1.9155189  1.0197266  0.5204521  0.9211956  0.04152308]]
2021-03-21 163949 : [[1.9155159  1.0197223  0.52042955 0.9210692  0.04133417]]
2021-03-21 163949 : [[1.9155153  1.0197258  0.52040833 0.9209453  0.04114663]]
2021-03-21 163949 : [[1.9155107  1.0197278  0.5203862  0.9208259  0.04096005]]
2021-03-21 163949 : [[1.915509   1.0197269  0.52036566 0.9207063  0.04077571]]
2021-03-21 163950 : [[1.9155076  1.0197265  0.52034664 0.92058945 0.04059155]]
2021-03-21 163950 : [[1.9155042  1.0197289  0.5203276  0.92047477 0.04040983]]
2021-03-21 163950 : [[1.915504   1.0197221  0.52031076 0.9203621  0.0402286 ]]
2021-03-21 163950 : [[1.9155023  1.0197268  0.5202919  0.9202511  0.04004939]]
2021-03-21 163950 : [[1.9154994  1.0197194  0.5202744  0.9201429  0.03987112]]
2021-03-21 163950 : [[1.9155014  1.0197282  0.5202577  0.92003715 0.03969423]]
2021-03-21 163950 : [[1.915498   1.0197201  0.52024287 0.91993153 0.03951841]]
2021-03-21 163950 : [[1.9154975  1.019726   0.52022934 0.9198286  0.03934417]]
2021-03-21 163950 : [[1.915499   1.0197248  0.5202142  0.9197265  0.03917051]]
2021-03-21 163950 : [[1.9154975  1.019723   0.5202008  0.91962785 0.03899882]]
2021-03-21 163951 : [[1.9154971  1.0197238  0.52018744 0.9195293  0.03882806]]
2021-03-21 163951 : [[1.9154961 1.0197189 0.5201743 0.9194322 0.0386588]]
2021-03-21 163951 : [[1.9154954  1.0197239  0.5201615  0.91933656 0.03849019]]
2021-03-21 163951 : [[1.9154961 1.0197256 0.5201502 0.9192413 0.038323 ]]
2021-03-21 163951 : [[1.9154966  1.0197244  0.5201391  0.9191507  0.03815696]]
2021-03-21 163951 : [[1.9154936  1.0197234  0.5201286  0.91906    0.03799199]]
2021-03-21 163951 : [[1.9154953  1.0197253  0.52011794 0.9189701  0.03782878]]
2021-03-21 163951 : [[1.915496   1.0197223  0.520107   0.9188824  0.03766578]]
2021-03-21 163951 : [[1.9154975  1.0197238  0.5200965  0.9187963  0.03750446]]
2021-03-21 163951 : [[1.9154952  1.0197258  0.5200865  0.9187096  0.03734387]]
2021-03-21 163952 : [[1.9154949  1.0197244  0.5200785  0.9186261  0.03718482]]
2021-03-21 163952 : [[1.9154944  1.0197276  0.5200702  0.91854286 0.03702677]]
2021-03-21 163952 : [[1.9154947  1.019725   0.52006096 0.9184614  0.03686943]]
2021-03-21 163952 : [[1.9154942  1.0197245  0.5200535  0.91838074 0.03671328]]
2021-03-21 163952 : [[1.9154932  1.0197291  0.52004546 0.9183014  0.03655858]]
2021-03-21 163952 : [[1.9154947  1.0197258  0.52003694 0.9182225  0.03640455]]
2021-03-21 163952 : [[1.915493   1.0197277  0.5200299  0.91814584 0.03625167]]
2021-03-21 163952 : [[1.915492   1.0197237  0.5200228  0.9180692  0.03609975]]
2021-03-21 163952 : [[1.915494  1.0197241 0.520015  0.9179944 0.035949 ]]
2021-03-21 163953 : [[1.915494   1.019723   0.5200103  0.917919   0.03579952]]
2021-03-21 163953 : [[1.9154922  1.0197266  0.5200042  0.9178463  0.03565045]]
2021-03-21 163953 : [[1.9154941  1.0197278  0.5199991  0.91777295 0.03550228]]
2021-03-21 163953 : [[1.915493   1.0197287  0.5199914  0.91770244 0.03535573]]
2021-03-21 163953 : [[1.9154888  1.0197276  0.5199859  0.9176319  0.03520987]]
2021-03-21 163953 : [[1.9154916  1.019726   0.5199821  0.9175622  0.03506505]]
2021-03-21 163953 : [[1.9154902  1.0197239  0.5199762  0.9174943  0.03492048]]
2021-03-21 163953 : [[1.9154911  1.0197222  0.5199703  0.91742486 0.03477779]]
2021-03-21 163953 : [[1.9154887  1.0197252  0.51996636 0.91735893 0.03463553]]
2021-03-21 163953 : [[1.9154894  1.0197272  0.5199616  0.9172925  0.03449443]]
2021-03-21 163954 : [[1.9154903  1.0197239  0.5199558  0.9172263  0.03435365]]
2021-03-21 163954 : [[1.9154894  1.0197262  0.5199531  0.9171617  0.03421443]]
2021-03-21 163954 : [[1.9154906  1.0197217  0.5199482  0.9170958  0.03407592]]
2021-03-21 163954 : [[1.9154894  1.0197256  0.5199436  0.9170335  0.03393833]]
2021-03-21 163954 : [[1.9154904  1.0197272  0.5199406  0.9169711  0.03380194]]
2021-03-21 163954 : [[1.9154878  1.0197264  0.51993555 0.9169084  0.03366609]]
2021-03-21 163954 : [[1.9154886  1.0197215  0.51993257 0.91684645 0.03353134]]
2021-03-21 163954 : [[1.915488  1.0197204 0.5199288 0.9167859 0.0333972]]
2021-03-21 163954 : [[1.9154885  1.0197192  0.5199254  0.91672534 0.03326394]]
2021-03-21 163954 : [[1.9154878 1.0197259 0.5199219 0.9166661 0.0331315]]
2021-03-21 163955 : [[1.9154876  1.0197228  0.51991946 0.91660684 0.03299971]]
2021-03-21 163955 : [[1.9154866  1.0197275  0.51991534 0.91654885 0.03286884]]
2021-03-21 163955 : [[1.9154882  1.0197259  0.51991236 0.9164906  0.03273937]]
2021-03-21 163955 : [[1.9154868  1.0197254  0.5199087  0.91643435 0.03261039]]
2021-03-21 163955 : [[1.9154874  1.0197263  0.5199069  0.9163768  0.03248196]]
2021-03-21 163955 : [[1.9154878  1.0197277  0.5199033  0.9163209  0.03235475]]
2021-03-21 163955 : [[1.9154881  1.0197257  0.5199007  0.91626596 0.03222763]]
2021-03-21 163955 : [[1.9154861  1.0197259  0.519898   0.9162092  0.03210211]]
2021-03-21 163955 : [[1.9154863  1.0197266  0.5198964  0.91615593 0.03197681]]
2021-03-21 163955 : [[1.9154847  1.0197246  0.51989365 0.9161018  0.03185255]]
2021-03-21 163956 : [[1.9154861  1.0197247  0.5198912  0.9160469  0.03172939]]
2021-03-21 163956 : [[1.9154848  1.0197254  0.5198885  0.91599405 0.03160609]]
2021-03-21 163956 : [[1.9154854  1.0197227  0.5198871  0.91594136 0.03148462]]
2021-03-21 163956 : [[1.9154849  1.0197259  0.5198849  0.9158885  0.03136321]]
2021-03-21 163956 : [[1.9154856  1.0197244  0.5198816  0.9158382  0.03124255]]
2021-03-21 163956 : [[1.9154832  1.0197259  0.51988065 0.9157853  0.03112284]]
2021-03-21 163956 : [[1.9154842  1.0197291  0.5198774  0.9157338  0.03100392]]
2021-03-21 163956 : [[1.9154838  1.0197254  0.519875   0.9156842  0.03088559]]
2021-03-21 163956 : [[1.9154829  1.019724   0.5198736  0.91563374 0.03076787]]
2021-03-21 163956 : [[1.9154825  1.0197237  0.5198713  0.9155836  0.03065079]]
2021-03-21 163957 : [[1.9154831  1.0197226  0.5198693  0.91553456 0.03053486]]
2021-03-21 163957 : [[1.9154824  1.0197282  0.5198677  0.9154836  0.03041927]]
2021-03-21 163957 : [[1.9154823  1.0197225  0.519866   0.91543543 0.03030442]]
2021-03-21 163957 : [[1.9154813  1.0197233  0.51986265 0.91538733 0.03019057]]
2021-03-21 163957 : [[1.9154823  1.0197225  0.5198624  0.9153391  0.03007737]]
2021-03-21 163957 : [[1.9154814  1.0197253  0.51986057 0.9152908  0.02996485]]
2021-03-21 163957 : [[1.9154813  1.0197226  0.51985824 0.9152437  0.0298529 ]]
2021-03-21 163957 : [[1.9154809  1.0197263  0.5198571  0.9151965  0.02974134]]
2021-03-21 163957 : [[1.9154811  1.0197225  0.5198557  0.9151495  0.02963052]]
2021-03-21 163958 : [[1.9154805 1.0197258 0.5198542 0.9151022 0.0295203]]
2021-03-21 163958 : [[1.9154816  1.0197235  0.5198523  0.91505575 0.02941081]]
2021-03-21 163958 : [[1.9154799  1.019727   0.519852   0.91501087 0.02930237]]
2021-03-21 163958 : [[1.91548    1.019728   0.5198493  0.9149652  0.02919434]]
2021-03-21 163958 : [[1.915479   1.0197263  0.5198475  0.9149193  0.02908644]]
2021-03-21 163958 : [[1.915481   1.019723   0.5198457  0.9148732  0.02897993]]
2021-03-21 163958 : [[1.9154782  1.0197259  0.51984495 0.91482866 0.02887358]]
2021-03-21 163958 : [[1.9154799  1.0197254  0.5198432  0.9147841  0.02876831]]
2021-03-21 163958 : [[1.9154794  1.019722   0.5198423  0.91473883 0.02866323]]
2021-03-21 163958 : [[1.9154811  1.019728   0.5198399  0.9146955  0.02855888]]
2021-03-21 163959 : [[1.9154786  1.0197238  0.5198384  0.91465205 0.02845511]]
2021-03-21 163959 : [[1.915479   1.0197278  0.51983696 0.91460776 0.02835199]]
2021-03-21 163959 : [[1.9154791  1.0197229  0.519836   0.9145643  0.02824942]]
2021-03-21 163959 : [[1.9154782  1.0197239  0.51983607 0.9145216  0.0281478 ]]
2021-03-21 163959 : [[1.915476   1.0197259  0.51983374 0.91447747 0.02804652]]
2021-03-21 163959 : [[1.9154787  1.0197291  0.5198337  0.9144338  0.02794537]]
2021-03-21 163959 : [[1.9154775  1.0197287  0.5198312  0.9143919  0.02784548]]
2021-03-21 163959 : [[1.9154775  1.0197225  0.51983035 0.9143483  0.02774582]]
2021-03-21 163959 : [[1.9154773  1.0197226  0.51982945 0.9143061  0.02764642]]
2021-03-21 163959 : [[1.9154776  1.0197258  0.5198283  0.9142647  0.02754844]]
2021-03-21 164000 : [[1.9154769  1.0197221  0.519828   0.9142233  0.02745066]]
2021-03-21 164000 : [[1.9154751  1.0197263  0.5198253  0.91418034 0.02735336]]
2021-03-21 164000 : [[1.9154747  1.0197242  0.5198257  0.9141381  0.02725624]]
2021-03-21 164000 : [[1.9154761  1.019724   0.5198241  0.9140969  0.02716013]]
2021-03-21 164000 : [[1.9154754  1.0197291  0.51982063 0.91405624 0.02706449]]
2021-03-21 164000 : [[1.9154727  1.0197277  0.5198215  0.914014   0.02696893]]
2021-03-21 164000 : [[1.9154742  1.0197289  0.51982135 0.91397417 0.02687463]]
2021-03-21 164000 : [[1.9154758  1.019727   0.51981914 0.9139331  0.02678062]]
2021-03-21 164000 : [[1.9154737  1.0197265  0.51982003 0.91389155 0.02668722]]
2021-03-21 164000 : [[1.9154747  1.0197271  0.5198166  0.91385025 0.02659427]]
2021-03-21 164001 : [[1.9154727  1.0197241  0.51981694 0.913809   0.02650144]]
2021-03-21 164001 : [[1.915473   1.0197275  0.51981574 0.91376996 0.02640966]]
2021-03-21 164001 : [[1.9154749  1.019727   0.5198138  0.91372913 0.02631802]]
2021-03-21 164001 : [[1.9154725  1.0197259  0.51981306 0.9136891  0.02622716]]
2021-03-21 164001 : [[1.9154739  1.0197259  0.51981294 0.9136492  0.0261366 ]]
2021-03-21 164001 : [[1.9154723  1.0197259  0.5198116  0.9136084  0.02604649]]
2021-03-21 164001 : [[1.9154718  1.0197259  0.5198115  0.91356844 0.02595721]]
2021-03-21 164001 : [[1.9154701  1.019727   0.5198101  0.9135286  0.02586814]]
2021-03-21 164001 : [[1.9154708  1.0197275  0.5198077  0.9134892  0.02577985]]
2021-03-21 164001 : [[1.9154689  1.0197241  0.51980877 0.9134478  0.02569183]]
2021-03-21 164002 : [[1.915472   1.0197248  0.5198055  0.9134074  0.02560413]]
2021-03-21 164002 : [[1.915471   1.0197271  0.51980627 0.91336906 0.02551713]]
2021-03-21 164002 : [[1.9154716  1.0197227  0.51980466 0.9133286  0.02543079]]
2021-03-21 164002 : [[1.9154696  1.0197252  0.5198036  0.91328865 0.02534471]]
2021-03-21 164002 : [[1.9154699  1.0197257  0.51980454 0.9132486  0.02525899]]
2021-03-21 164002 : [[1.9154696  1.0197262  0.51980215 0.91320944 0.02517374]]
2021-03-21 164002 : [[1.9154694  1.0197289  0.5198013  0.9131686  0.02508932]]
2021-03-21 164002 : [[1.9154665  1.0197247  0.5198004  0.9131282  0.02500491]]
2021-03-21 164002 : [[1.9154687  1.0197277  0.51980054 0.9130899  0.0249212 ]]
2021-03-21 164002 : [[1.9154685  1.0197248  0.5197993  0.9130515  0.02483805]]
2021-03-21 164003 : [[1.915468   1.019727   0.5198     0.9130097  0.02475482]]
2021-03-21 164003 : [[1.9154687  1.0197223  0.51979864 0.91297084 0.02467287]]
2021-03-21 164003 : [[1.9154674  1.0197225  0.5197959  0.91292995 0.02459078]]
2021-03-21 164003 : [[1.9154673  1.0197212  0.51979524 0.91288984 0.02450888]]
2021-03-21 164003 : [[1.9154682  1.019724   0.5197942  0.9128494  0.02442773]]
2021-03-21 164003 : [[1.915468   1.0197246  0.5197937  0.9128086  0.02434721]]
2021-03-21 164003 : [[1.915466   1.0197265  0.519794   0.9127687  0.02426674]]
2021-03-21 164003 : [[1.915468   1.0197258  0.51979345 0.9127281  0.02418728]]
2021-03-21 164003 : [[1.915464   1.0197242  0.5197921  0.9126885  0.02410793]]
2021-03-21 164003 : [[1.915467   1.0197242  0.51979244 0.91264695 0.02402886]]
2021-03-21 164004 : [[1.9154656  1.0197271  0.5197927  0.91260576 0.02395039]]
2021-03-21 164004 : [[1.9154658  1.0197271  0.519791   0.9125669  0.02387209]]
2021-03-21 164004 : [[1.9154656  1.0197271  0.51978993 0.91252524 0.02379458]]
2021-03-21 164004 : [[1.9154639  1.0197271  0.5197892  0.9124822  0.02371704]]
2021-03-21 164004 : [[1.9154658  1.0197285  0.5197889  0.9124409  0.02364006]]
2021-03-21 164004 : [[1.9154642  1.0197242  0.5197872  0.9124007  0.02356348]]
2021-03-21 164004 : [[1.9154651  1.0197242  0.5197864  0.9123585  0.02348768]]
2021-03-21 164004 : [[1.9154654  1.0197242  0.51978487 0.9123167  0.02341175]]
2021-03-21 164004 : [[1.9154634  1.0197242  0.5197858  0.91227347 0.02333666]]
2021-03-21 164004 : [[1.9154618  1.0197258  0.51978344 0.91223115 0.02326133]]
2021-03-21 164005 : [[1.915462   1.0197265  0.5197842  0.91218853 0.02318703]]
2021-03-21 164005 : [[1.9154642  1.0197265  0.51978225 0.9121477  0.02311317]]
2021-03-21 164005 : [[1.9154642  1.0197265  0.51978296 0.91213447 0.02303916]]
2021-03-21 164005 : [[1.9154613  1.0197265  0.5197817  0.9121234  0.02296585]]
2021-03-21 164005 : [[1.9154629  1.0197246  0.5197814  0.9121098  0.02289285]]
2021-03-21 164005 : [[1.9154607  1.0197246  0.51977974 0.9120989  0.0228201 ]]
2021-03-21 164005 : [[1.9154613  1.0197246  0.5197787  0.9120887  0.02274811]]
2021-03-21 164005 : [[1.9154615 1.019724  0.5197794 0.9120772 0.0226763]]
2021-03-21 164005 : [[1.9154611  1.019724   0.5197798  0.9120678  0.02260458]]
2021-03-21 164005 : [[1.9154599  1.0197212  0.51977885 0.9120578  0.02253337]]
2021-03-21 164006 : [[1.9154603  1.0197212  0.51977766 0.9120487  0.02246261]]
2021-03-21 164006 : [[1.9154587  1.0197212  0.51977754 0.9120394  0.02239226]]
2021-03-21 164006 : [[1.9154578  1.0197212  0.5197767  0.91203177 0.02232214]]
2021-03-21 164006 : [[1.9154599  1.0197212  0.51977503 0.9120233  0.02225253]]
2021-03-21 164006 : [[1.9154571  1.019724   0.519776   0.9120159  0.02218307]]
2021-03-21 164006 : [[1.9154596  1.019724   0.5197742  0.91200715 0.02211401]]
2021-03-21 164006 : [[1.9154577  1.019724   0.5197731  0.9119995  0.02204532]]
2021-03-21 164006 : [[1.9154575 1.0197246 0.519773  0.9119928 0.0219772]]
2021-03-21 164006 : [[1.9154582  1.0197246  0.5197741  0.91198623 0.02190921]]
2021-03-21 164006 : [[1.9154592  1.0197246  0.5197724  0.9119801  0.02184178]]
2021-03-21 164007 : [[1.9154582  1.019724   0.5197715  0.9119731  0.02177405]]
2021-03-21 164007 : [[1.9154592 1.019724  0.5197724 0.9119683 0.0217071]]
2021-03-21 164007 : [[1.915456   1.019724   0.5197711  0.9119621  0.02164083]]
2021-03-21 164007 : [[1.9154576  1.019724   0.5197715  0.911956   0.02157479]]
2021-03-21 164007 : [[1.9154563  1.0197212  0.5197695  0.9119502  0.02150856]]
2021-03-21 164007 : [[1.9154572  1.0197212  0.51976925 0.91194534 0.0214432 ]]
2021-03-21 164007 : [[1.9154558  1.019724   0.5197696  0.9119393  0.02137748]]
2021-03-21 164007 : [[1.9154555  1.019724   0.5197689  0.9119357  0.02131302]]
2021-03-21 164007 : [[1.9154536  1.019724   0.5197682  0.91193104 0.02124801]]
2021-03-21 164008 : [[1.9154522  1.019724   0.51976705 0.9119269  0.02118355]]
2021-03-21 164008 : [[1.9154534  1.019724   0.5197655  0.91192335 0.02111971]]
2021-03-21 164008 : [[1.9154515  1.019724   0.51976645 0.9119191  0.02105588]]
2021-03-21 164008 : [[1.9154546  1.019724   0.5197669  0.9119163  0.02099248]]
2021-03-21 164008 : [[1.9154538  1.019724   0.5197654  0.91191244 0.02092945]]
2021-03-21 164008 : [[1.9154532  1.019724   0.51976395 0.9119088  0.02086653]]
2021-03-21 164008 : [[1.915453   1.019724   0.5197648  0.9119044  0.02080428]]
2021-03-21 164008 : [[1.9154506  1.019724   0.51976395 0.9119024  0.02074208]]
2021-03-21 164008 : [[1.915452   1.019724   0.5197635  0.9119005  0.02068033]]
2021-03-21 164008 : [[1.9154508  1.019724   0.51976264 0.9118963  0.020619  ]]
2021-03-21 164009 : [[1.9154515  1.019724   0.51976323 0.911894   0.02055758]]
2021-03-21 164009 : [[1.9154519  1.019724   0.5197627  0.9118918  0.02049686]]
2021-03-21 164009 : [[1.9154514  1.019724   0.51976264 0.91189    0.02043615]]
2021-03-21 164009 : [[1.9154506  1.019724   0.51976246 0.9118871  0.02037568]]
2021-03-21 164009 : [[1.9154494  1.019724   0.51976085 0.9118856  0.02031546]]
2021-03-21 164009 : [[1.9154506  1.019724   0.5197604  0.9118828  0.02025573]]
2021-03-21 164009 : [[1.9154518  1.019724   0.51976    0.9118825  0.02019638]]
2021-03-21 164009 : [[1.9154506  1.019724   0.5197599  0.911879   0.02013727]]
2021-03-21 164009 : [[1.9154499  1.019724   0.5197591  0.91187745 0.02007823]]
2021-03-21 164009 : [[1.9154484  1.019724   0.5197584  0.9118762  0.02001961]]
2021-03-21 164010 : [[1.915448   1.019724   0.51976    0.9118762  0.01996118]]
2021-03-21 164010 : [[1.9154489  1.019724   0.51975936 0.91187304 0.01990333]]
2021-03-21 164010 : [[1.9154489  1.019724   0.51975906 0.91187143 0.01984553]]
2021-03-21 164010 : [[1.9154484  1.019724   0.5197581  0.9118705  0.01978797]]
2021-03-21 164010 : [[1.9154476  1.019724   0.5197575  0.91186905 0.01973071]]
2021-03-21 164010 : [[1.9154487  1.019724   0.5197573  0.9118668  0.01967383]]
2021-03-21 164010 : [[1.9154496  1.019724   0.51975703 0.9118685  0.01961706]]
2021-03-21 164010 : [[1.9154466  1.019724   0.5197567  0.9118657  0.01956056]]
2021-03-21 164010 : [[1.9154476  1.019724   0.51975626 0.9118649  0.01950432]]
2021-03-21 164010 : [[1.9154453  1.019724   0.5197564  0.91186345 0.01944885]]
2021-03-21 164011 : [[1.9154451  1.019724   0.51975614 0.91186273 0.01939308]]
2021-03-21 164011 : [[1.9154469  1.019724   0.51975435 0.91186196 0.01933773]]
2021-03-21 164011 : [[1.915446   1.019724   0.51975554 0.91186106 0.01928255]]
2021-03-21 164011 : [[1.9154465  1.019724   0.5197556  0.91186035 0.01922757]]
2021-03-21 164011 : [[1.9154433  1.019724   0.51975375 0.9118589  0.01917315]]
2021-03-21 164011 : [[1.9154444  1.019724   0.5197547  0.9118593  0.01911872]]
2021-03-21 164011 : [[1.9154425  1.019724   0.5197527  0.9118592  0.01906479]]
2021-03-21 164011 : [[1.9154449  1.019724   0.51975214 0.9118591  0.019011  ]]
2021-03-21 164011 : [[1.9154449  1.019724   0.5197537  0.9118582  0.01895758]]
2021-03-21 164012 : [[1.9154432  1.019724   0.51975274 0.91185653 0.01890407]]
2021-03-21 164012 : [[1.9154458  1.019724   0.5197527  0.9118562  0.01885084]]
2021-03-21 164012 : [[1.915442   1.019724   0.5197515  0.9118554  0.01879793]]
2021-03-21 164012 : [[1.9154421  1.019724   0.51975214 0.91185623 0.01874557]]
2021-03-21 164012 : [[1.9154437  1.019724   0.5197528  0.91185534 0.0186932 ]]
2021-03-21 164012 : [[1.915443   1.019724   0.5197517  0.91185474 0.01864092]]
2021-03-21 164012 : [[1.915443   1.019724   0.5197518  0.9118544  0.01858905]]
2021-03-21 164012 : [[1.9154416  1.019724   0.5197495  0.911854   0.01853742]]
2021-03-21 164012 : [[1.9154422  1.019724   0.51974994 0.9118546  0.01848627]]
2021-03-21 164012 : [[1.915443   1.019724   0.51975065 0.91185296 0.01843504]]
2021-03-21 164013 : [[1.915443   1.019724   0.51974934 0.9118533  0.01838408]]
2021-03-21 164013 : [[1.9154403  1.019724   0.51974976 0.9118533  0.01833339]]
2021-03-21 164013 : [[1.9154415  1.019724   0.51974946 0.9118519  0.018283  ]]
2021-03-21 164013 : [[1.9154391  1.019724   0.5197497  0.91185355 0.01823299]]
2021-03-21 164013 : [[1.9154389  1.019724   0.5197488  0.91185355 0.01818294]]
2021-03-21 164013 : [[1.9154389  1.019724   0.51974696 0.9118521  0.01813322]]
2021-03-21 164013 : [[1.9154384  1.019724   0.51974875 0.9118526  0.01808357]]
2021-03-21 164013 : [[1.9154384  1.019724   0.5197489  0.9118522  0.01803445]]
2021-03-21 164013 : [[1.9154408  1.019724   0.51974833 0.9118519  0.0179853 ]]
2021-03-21 164013 : [[1.9154369  1.019724   0.51974773 0.91185224 0.01793632]]
2021-03-21 164014 : [[1.9154377  1.019724   0.519747   0.9118509  0.01788793]]
2021-03-21 164014 : [[1.9154387  1.019724   0.51974636 0.911852   0.01783941]]
2021-03-21 164014 : [[1.9154391  1.019724   0.519747   0.9118501  0.01779118]]
2021-03-21 164014 : [[1.9154375  1.019724   0.519747   0.9118505  0.01774337]]
2021-03-21 164014 : [[1.9154367  1.019724   0.5197466  0.9118512  0.01769555]]
2021-03-21 164014 : [[1.915437   1.019724   0.5197464  0.91185045 0.01764796]]
2021-03-21 164014 : [[1.9154342  1.019724   0.5197473  0.91184956 0.01760046]]
2021-03-21 164014 : [[1.9154378  1.019724   0.51974463 0.9118493  0.01755345]]
2021-03-21 164014 : [[1.9154353  1.019724   0.5197471  0.9118511  0.01750658]]
2021-03-21 164014 : [[1.9154341  1.019724   0.5197449  0.9118511  0.01745968]]
2021-03-21 164015 : [[1.915435   1.019724   0.51974463 0.9118511  0.01741326]]
2021-03-21 164015 : [[1.9154351  1.019724   0.5197445  0.9118526  0.01736736]]
2021-03-21 164015 : [[1.9154339  1.019724   0.5197451  0.91184986 0.01732092]]
2021-03-21 164015 : [[1.9154345  1.019724   0.5197448  0.9118509  0.01727534]]
2021-03-21 164015 : [[1.9154332  1.019724   0.51974446 0.9118507  0.01722959]]
2021-03-21 164015 : [[1.9154332  1.019724   0.5197444  0.91185033 0.01718406]]
2021-03-21 164015 : [[1.9154336  1.019724   0.5197436  0.9118506  0.01713886]]
2021-03-21 164015 : [[1.9154339  1.019724   0.5197421  0.9118499  0.01709373]]
2021-03-21 164015 : [[1.9154329  1.019724   0.519742   0.9118514  0.01704879]]
2021-03-21 164015 : [[1.9154329  1.019724   0.5197428  0.9118495  0.01700441]]
2021-03-21 164016 : [[1.9154311  1.019724   0.51974213 0.91184944 0.01695981]]
2021-03-21 164016 : [[1.9154317  1.019724   0.519742   0.9118512  0.01691546]]
2021-03-21 164016 : [[1.9154317  1.019724   0.5197413  0.91185087 0.01687166]]
2021-03-21 164016 : [[1.9154328  1.019724   0.5197426  0.9118511  0.01682737]]
2021-03-21 164016 : [[1.9154319  1.019724   0.51974046 0.91185063 0.01678393]]
2021-03-21 164016 : [[1.915431   1.019724   0.5197412  0.91184956 0.01674056]]
2021-03-21 164016 : [[1.9154325  1.019724   0.5197415  0.91185075 0.01669692]]
2021-03-21 164016 : [[1.9154327  1.019724   0.51974076 0.91185105 0.01665409]]
2021-03-21 164016 : [[1.9154304  1.019724   0.51974076 0.9118493  0.01661117]]
2021-03-21 164016 : [[1.9154307 1.019724  0.5197415 0.9118496 0.0165684]]
2021-03-21 164017 : [[1.9154286  1.019724   0.51974005 0.91185033 0.01652589]]
2021-03-21 164017 : [[1.9154289  1.019724   0.51973987 0.9118507  0.01648369]]
2021-03-21 164017 : [[1.9154277  1.019724   0.5197404  0.91184956 0.01644127]]
2021-03-21 164017 : [[1.9154289  1.019724   0.51974064 0.91185063 0.01639934]]
2021-03-21 164017 : [[1.915427   1.019724   0.51973915 0.9118503  0.01635761]]
2021-03-21 164017 : [[1.9154258  1.019724   0.5197424  0.91185    0.01631569]]
2021-03-21 164017 : [[1.9154267  1.019724   0.5197399  0.91184956 0.0162745 ]]
2021-03-21 164017 : [[1.9154267  1.019724   0.5197397  0.9118495  0.01623318]]
2021-03-21 164017 : [[1.9154267  1.019724   0.51973736 0.9118494  0.01619215]]
2021-03-21 164017 : [[1.915427   1.019724   0.519738   0.9118505  0.01615103]]
2021-03-21 164018 : [[1.915426   1.019724   0.5197388  0.9118494  0.01611048]]
2021-03-21 164018 : [[1.915427   1.019724   0.51973975 0.9118504  0.01607009]]
2021-03-21 164018 : [[1.9154253  1.019724   0.51973784 0.91185004 0.01602952]]
2021-03-21 164018 : [[1.9154253  1.019724   0.51973873 0.9118498  0.01598932]]
2021-03-21 164018 : [[1.9154251  1.019724   0.51973873 0.91184974 0.01594916]]
2021-03-21 164018 : [[1.9154243  1.019724   0.5197391  0.91184974 0.01590931]]
2021-03-21 164018 : [[1.9154239  1.019724   0.5197389  0.9118492  0.01586961]]
2021-03-21 164018 : [[1.9154224  1.019724   0.51973784 0.9118497  0.01583016]]
2021-03-21 164018 : [[1.915423   1.019724   0.51973873 0.91185    0.01579083]]
2021-03-21 164018 : [[1.9154229  1.019724   0.519737   0.9118495  0.01575153]]
2021-03-21 164019 : [[1.915425   1.019724   0.5197364  0.9118485  0.01571241]]
2021-03-21 164019 : [[1.9154229 1.019724  0.5197365 0.9118498 0.0156737]]
2021-03-21 164019 : [[1.9154222  1.019724   0.51973706 0.9118492  0.01563503]]
2021-03-21 164019 : [[1.9154217  1.019724   0.51973796 0.91184944 0.01559642]]
2021-03-21 164019 : [[1.9154222  1.019724   0.51973784 0.91184974 0.01555817]]
2021-03-21 164019 : [[1.9154208  1.019724   0.5197369  0.9118503  0.01551983]]
2021-03-21 164019 : [[1.9154218  1.019724   0.5197371  0.9118498  0.01548179]]
2021-03-21 164019 : [[1.9154203  1.019724   0.51973677 0.9118491  0.01544413]]
2021-03-21 164019 : [[1.9154195  1.019724   0.5197365  0.9118491  0.01540624]]
2021-03-21 164020 : [[1.9154192  1.019724   0.51973534 0.9118494  0.01536864]]
2021-03-21 164020 : [[1.9154184  1.019724   0.5197382  0.91184884 0.01533112]]
2021-03-21 164020 : [[1.9154191  1.019724   0.51973635 0.9118495  0.01529407]]
2021-03-21 164020 : [[1.9154193  1.019724   0.5197355  0.91185004 0.01525673]]
2021-03-21 164020 : [[1.9154198  1.019724   0.51973605 0.91185087 0.01521987]]
2021-03-21 164020 : [[1.9154179  1.019724   0.519736   0.9118493  0.01518305]]
2021-03-21 164020 : [[1.9154178  1.019724   0.5197358  0.91184926 0.01514662]]
2021-03-21 164020 : [[1.91542    1.019724   0.51973456 0.91184926 0.01510994]]
2021-03-21 164020 : [[1.9154177  1.019724   0.519734   0.9118498  0.01507375]]
2021-03-21 164020 : [[1.9154185  1.019724   0.51973504 0.91184974 0.01503755]]
2021-03-21 164021 : [[1.9154162  1.019724   0.5197363  0.91184956 0.01500171]]
2021-03-21 164021 : [[1.9154162  1.019724   0.51973456 0.91185033 0.0149656 ]]
2021-03-21 164021 : [[1.9154172  1.019724   0.5197336  0.91184926 0.01492986]]
2021-03-21 164021 : [[1.9154177  1.019724   0.5197334  0.91184866 0.01489437]]
2021-03-21 164021 : [[1.9154145  1.019724   0.51973414 0.91184944 0.01485884]]
2021-03-21 164021 : [[1.915417   1.019724   0.51973426 0.91184986 0.01482362]]
2021-03-21 164021 : [[1.9154158  1.019724   0.5197345  0.91184855 0.01478838]]
2021-03-21 164021 : [[1.915415   1.019724   0.5197327  0.9118497  0.01475343]]
2021-03-21 164021 : [[1.9154141  1.019724   0.51973337 0.9118501  0.01471854]]
2021-03-21 164021 : [[1.9154129  1.019724   0.51973426 0.9118493  0.01468395]]
2021-03-21 164022 : [[1.915414   1.019724   0.5197349  0.9118506  0.01464936]]
2021-03-21 164022 : [[1.9154136  1.019724   0.5197344  0.91184974 0.01461492]]
2021-03-21 164022 : [[1.9154141  1.019724   0.51973504 0.91184974 0.01458067]]
2021-03-21 164022 : [[1.9154122  1.019724   0.5197336  0.91184884 0.01454653]]
2021-03-21 164029 : [[0.6459793 2.9195435 1.7099433 2.6461196 1.72291  ]]
2021-03-21 164029 : [[0.5296431 2.6718655 1.4619627 2.412637  1.6190217]]
2021-03-21 164029 : [[0.4665934 2.4871833 1.2502766 2.2365606 1.5624813]]
2021-03-21 164029 : [[0.42540777 2.3434267  1.0739739  2.077208   1.521688  ]]
2021-03-21 164029 : [[0.3962825 2.1919336 0.9963413 1.9475276 1.482715 ]]
2021-03-21 164030 : [[0.372485   2.0517044  0.94478333 1.8850749  1.4432946 ]]
2021-03-21 164030 : [[0.35158685 1.9172231  0.9102118  1.8485458  1.4034162 ]]
2021-03-21 164030 : [[0.33498523 1.7819691  0.8864619  1.8042607  1.3634238 ]]
2021-03-21 164030 : [[0.317804  1.6648887 0.8652684 1.7585355 1.3287743]]
2021-03-21 164030 : [[0.307817  1.6135054 0.849792  1.7127753 1.3075268]]
2021-03-21 164030 : [[0.29847306 1.6190177  0.8390478  1.6788707  1.2906573 ]]
2021-03-21 164030 : [[0.28739592 1.6420193  0.83147466 1.6648498  1.2785767 ]]
2021-03-21 164030 : [[0.2752115 1.648319  0.8262647 1.6530281 1.2742004]]
2021-03-21 164030 : [[0.26298276 1.6459305  0.82208776 1.650398   1.2696869 ]]
2021-03-21 164030 : [[0.25430074 1.6371516  0.8178011  1.6508589  1.2651744 ]]
2021-03-21 164031 : [[0.24938667 1.6266036  0.814484   1.6531942  1.2607636 ]]
2021-03-21 164031 : [[0.24637875 1.6176988  0.8104571  1.6561819  1.256789  ]]
2021-03-21 164031 : [[0.24427697 1.6122152  0.80547404 1.6588554  1.2564793 ]]
2021-03-21 164031 : [[0.24310477 1.6104414  0.79955494 1.6605997  1.2564793 ]]
2021-03-21 164031 : [[0.2428058 1.6116369 0.7929446 1.6611317 1.2564793]]
2021-03-21 164031 : [[0.24323627 1.6145582  0.7852714  1.6604376  1.2564793 ]]
2021-03-21 164031 : [[0.24417609 1.6179183  0.7787763  1.6587062  1.2564793 ]]
2021-03-21 164031 : [[0.24533768 1.6207031  0.7741587  1.6562732  1.2564793 ]]
2021-03-21 164031 : [[0.24639364 1.6222781  0.7717619  1.6535735  1.2564793 ]]
2021-03-21 164032 : [[0.2470254 1.6224083 0.7715404 1.6510743 1.2564793]]
2021-03-21 164032 : [[0.24700998 1.6211838  0.7718409  1.6492105  1.2564793 ]]
2021-03-21 164032 : [[0.24630722 1.6189572  0.7718409  1.6482983  1.2564793 ]]
2021-03-21 164032 : [[0.24508506 1.6162354  0.7718409  1.6484225  1.2564793 ]]
2021-03-21 164032 : [[0.24365477 1.6135962  0.7718409  1.6493585  1.2564793 ]]
2021-03-21 164032 : [[0.24234307 1.6115699  0.7718409  1.6506188  1.2564793 ]]
2021-03-21 164032 : [[0.24136949 1.6105392  0.7718409  1.6516066  1.2564793 ]]
2021-03-21 164032 : [[0.24080688 1.6106112  0.7718409  1.651896   1.2564793 ]]
2021-03-21 164032 : [[0.24061339 1.6115705  0.7718409  1.6514014  1.2564793 ]]
2021-03-21 164032 : [[0.24066746 1.61291    0.7718409  1.6503732  1.2564793 ]]
2021-03-21 164033 : [[0.24083664 1.6140299  0.7718409  1.6492358  1.2564793 ]]
2021-03-21 164033 : [[0.24100882 1.614462   0.7718409  1.6483643  1.2564793 ]]
2021-03-21 164033 : [[0.24112272 1.6140852  0.7718409  1.6479573  1.2564793 ]]
2021-03-21 164033 : [[0.24114773 1.6131152  0.7718409  1.6480038  1.2564793 ]]
2021-03-21 164033 : [[0.24109006 1.6119552  0.7718409  1.6483629  1.2564793 ]]
2021-03-21 164033 : [[0.24097429 1.6110048  0.7718409  1.6488255  1.2564793 ]]
2021-03-21 164033 : [[0.24082907 1.610504   0.7718409  1.6492014  1.2564793 ]]
2021-03-21 164033 : [[0.24068491 1.610486   0.7718409  1.6493683  1.2564793 ]]
2021-03-21 164033 : [[0.24055408 1.6108196  0.7718409  1.6492934  1.2564793 ]]
2021-03-21 164033 : [[0.24044389 1.611292   0.7718409  1.6490182  1.2564793 ]]
2021-03-21 164034 : [[0.24034825 1.6116942  0.7718409  1.6486444  1.2564793 ]]
2021-03-21 164034 : [[0.24025509 1.6118826  0.7718409  1.6482903  1.2564793 ]]
2021-03-21 164034 : [[0.2401531 1.6118149 0.7718409 1.6480579 1.2564793]]
2021-03-21 164034 : [[0.2400389 1.6115273 0.7718409 1.6479937 1.2564793]]
2021-03-21 164034 : [[0.23991504 1.6111304  0.7718409  1.6480856  1.2564793 ]]
2021-03-21 164034 : [[0.23979445 1.6107539  0.7718409  1.6482623  1.2564793 ]]
2021-03-21 164034 : [[0.23969522 1.6105069  0.7718409  1.648424   1.2564793 ]]
2021-03-21 164034 : [[0.23963615 1.6104419  0.7718409  1.6484997  1.2564793 ]]
2021-03-21 164034 : [[0.23962647 1.6105409  0.7718409  1.6484517  1.2564793 ]]
2021-03-21 164034 : [[0.23966065 1.610725   0.7718409  1.6483121  1.2564793 ]]
2021-03-21 164035 : [[0.2397212 1.6108977 0.7718409 1.6481435 1.2564793]]
2021-03-21 164035 : [[0.23978135 1.6109775  0.7718409  1.6480119  1.2564793 ]]
2021-03-21 164035 : [[0.23981334 1.6109356  0.7718409  1.6479497  1.2564793 ]]
2021-03-21 164035 : [[0.23980545 1.6108     0.7718409  1.6479635  1.2564793 ]]
2021-03-21 164035 : [[0.23975225 1.6106336  0.7718409  1.6480196  1.2564793 ]]
2021-03-21 164035 : [[0.23967114 1.6105002  0.7718409  1.648087   1.2564793 ]]
2021-03-21 164035 : [[0.23958454 1.6104413  0.7718409  1.6481292  1.2564793 ]]
2021-03-21 164035 : [[0.23951033 1.6104577  0.7718409  1.6481252  1.2564793 ]]
2021-03-21 164035 : [[0.23946765 1.6105248  0.7718409  1.6480794  1.2564793 ]]
2021-03-21 164035 : [[0.23945993 1.6105982  0.7718409  1.6480184  1.2564793 ]]
2021-03-21 164036 : [[0.23947972 1.6106445  0.7718409  1.6479625  1.2564793 ]]
2021-03-21 164036 : [[0.239514  1.6106442 0.7718409 1.6479285 1.2564793]]
2021-03-21 164036 : [[0.23954977 1.6106018  0.7718409  1.6479268  1.2564793 ]]
2021-03-21 164036 : [[0.239573  1.6105384 0.7718409 1.6479497 1.2564793]]
2021-03-21 164036 : [[0.23957662 1.6104785  0.7718409  1.6479805  1.2564793 ]]
2021-03-21 164036 : [[0.23956296 1.6104444  0.7718409  1.6480029  1.2564793 ]]
2021-03-21 164036 : [[0.2395356 1.6104428 0.7718409 1.6480057 1.2564793]]
2021-03-21 164036 : [[0.23950495 1.6104671  0.7718409  1.6479886  1.2564793 ]]
2021-03-21 164036 : [[0.23947857 1.610497   0.7718409  1.6479623  1.2564793 ]]
2021-03-21 164036 : [[0.23946214 1.6105192  0.7718409  1.6479409  1.2564793 ]]
2021-03-21 164037 : [[0.23945725 1.6105214  0.7718409  1.6479261  1.2564793 ]]
2021-03-21 164037 : [[0.23946163 1.6105046  0.7718409  1.6479293  1.2564793 ]]
2021-03-21 164037 : [[0.23947178 1.6104791  0.7718409  1.6479418  1.2564793 ]]
2021-03-21 164037 : [[0.23947845 1.6104532  0.7718409  1.6479516  1.2564793 ]]
2021-03-21 164037 : [[0.23948246 1.6104409  0.7718409  1.6479609  1.2564793 ]]
2021-03-21 164037 : [[0.23948209 1.6104434  0.7718409  1.6479561  1.2564793 ]]
2021-03-21 164037 : [[0.23947756 1.6104537  0.7718409  1.6479508  1.2564793 ]]
2021-03-21 164037 : [[0.23947126 1.610465   0.7718409  1.6479402  1.2564793 ]]
2021-03-21 164037 : [[0.23946482 1.6104721  0.7718409  1.6479306  1.2564793 ]]
2021-03-21 164037 : [[0.239461  1.6104721 0.7718409 1.6479263 1.2564793]]
2021-03-21 164038 : [[0.2394607 1.6104627 0.7718409 1.6479293 1.2564793]]
2021-03-21 164038 : [[0.23946002 1.610453   0.7718409  1.6479328  1.2564793 ]]
2021-03-21 164038 : [[0.23946075 1.6104434  0.7718409  1.6479373  1.2564793 ]]
2021-03-21 164038 : [[0.2394594 1.6104392 0.7718409 1.6479379 1.2564793]]
2021-03-21 164038 : [[0.23945701 1.6104428  0.7718409  1.6479359  1.2564793 ]]
2021-03-21 164038 : [[0.23945525 1.6104473  0.7718409  1.647932   1.2564793 ]]
2021-03-21 164038 : [[0.23945373 1.6104519  0.7718409  1.6479263  1.2564793 ]]
2021-03-21 164038 : [[0.23945428 1.6104534  0.7718409  1.6479259  1.2564793 ]]
2021-03-21 164038 : [[0.23945421 1.6104509  0.7718409  1.647923   1.2564793 ]]
2021-03-21 164038 : [[0.2394563 1.6104474 0.7718409 1.647928  1.2564793]]
2021-03-21 164039 : [[0.2394563 1.6104419 0.7718409 1.6479278 1.2564793]]
2021-03-21 164039 : [[0.23945579 1.6104412  0.7718409  1.6479303  1.2564793 ]]
2021-03-21 164039 : [[0.23945452 1.610441   0.7718409  1.6479306  1.2564793 ]]
2021-03-21 164039 : [[0.2394537 1.6104412 0.7718409 1.6479297 1.2564793]]
2021-03-21 164039 : [[0.23945096 1.6104449  0.7718409  1.6479267  1.2564793 ]]
2021-03-21 164039 : [[0.23945045 1.610446   0.7718409  1.6479223  1.2564793 ]]
2021-03-21 164039 : [[0.23944913 1.6104448  0.7718409  1.6479245  1.2564793 ]]
2021-03-21 164039 : [[0.23944992 1.6104451  0.7718409  1.6479247  1.2564793 ]]
2021-03-21 164039 : [[0.23944995 1.610441   0.7718409  1.6479268  1.2564793 ]]
2021-03-21 164040 : [[0.23945206 1.6104397  0.7718409  1.6479275  1.2564793 ]]
2021-03-21 164040 : [[0.23945272 1.6104395  0.7718409  1.6479292  1.2564793 ]]
2021-03-21 164040 : [[0.2394518 1.6104397 0.7718409 1.6479273 1.2564793]]
2021-03-21 164040 : [[0.2394513 1.6104424 0.7718409 1.6479254 1.2564793]]
2021-03-21 164040 : [[0.23945108 1.610444   0.7718409  1.6479228  1.2564793 ]]
2021-03-21 164040 : [[0.23944917 1.6104422  0.7718409  1.6479235  1.2564793 ]]
2021-03-21 164040 : [[0.23944902 1.610442   0.7718409  1.6479247  1.2564793 ]]
2021-03-21 164040 : [[0.23944977 1.6104411  0.7718409  1.6479247  1.2564793 ]]
2021-03-21 164040 : [[0.23945019 1.6104401  0.7718409  1.647924   1.2564793 ]]
2021-03-21 164040 : [[0.23944953 1.6104405  0.7718409  1.6479251  1.2564793 ]]
2021-03-21 164041 : [[0.23944968 1.6104413  0.7718409  1.6479259  1.2564793 ]]
2021-03-21 164041 : [[0.23944998 1.6104417  0.7718409  1.6479256  1.2564793 ]]
2021-03-21 164041 : [[0.23945048 1.6104409  0.7718409  1.6479256  1.2564793 ]]
2021-03-21 164041 : [[0.2394505 1.6104414 0.7718409 1.6479226 1.2564793]]
2021-03-21 164041 : [[0.23944905 1.6104407  0.7718409  1.6479232  1.2564793 ]]
2021-03-21 164041 : [[0.23944998 1.6104405  0.7718409  1.6479242  1.2564793 ]]
2021-03-21 164041 : [[0.23945023 1.6104386  0.7718409  1.6479251  1.2564793 ]]
2021-03-21 164041 : [[0.23944865 1.6104407  0.7718409  1.6479247  1.2564793 ]]
2021-03-21 164041 : [[0.23944947 1.6104404  0.7718409  1.6479244  1.2564793 ]]
2021-03-21 164041 : [[0.23945014 1.6104405  0.7718409  1.647923   1.2564793 ]]
2021-03-21 164042 : [[0.2394497 1.6104412 0.7718409 1.6479234 1.2564793]]
2021-03-21 164042 : [[0.2394505 1.6104419 0.7718409 1.6479251 1.2564793]]
2021-03-21 164042 : [[0.23944932 1.6104404  0.7718409  1.647924   1.2564793 ]]
2021-03-21 164042 : [[0.23944858 1.6104395  0.7718409  1.6479251  1.2564793 ]]
2021-03-21 164042 : [[0.23944968 1.6104399  0.7718409  1.6479255  1.2564793 ]]
2021-03-21 164042 : [[0.23945008 1.6104405  0.7718409  1.6479253  1.2564793 ]]
2021-03-21 164042 : [[0.23945025 1.6104404  0.7718409  1.6479259  1.2564793 ]]
2021-03-21 164042 : [[0.23944896 1.6104399  0.7718409  1.6479244  1.2564793 ]]
2021-03-21 164042 : [[0.23944831 1.6104399  0.7718409  1.6479244  1.2564793 ]]
2021-03-21 164042 : [[0.2394495 1.6104407 0.7718409 1.6479244 1.2564793]]
2021-03-21 164043 : [[0.23944949 1.6104399  0.7718409  1.647923   1.2564793 ]]
2021-03-21 164043 : [[0.23944898 1.6104413  0.7718409  1.6479267  1.2564793 ]]
2021-03-21 164043 : [[0.23944929 1.6104401  0.7718409  1.6479232  1.2564793 ]]
2021-03-21 164043 : [[0.23944905 1.6104405  0.7718409  1.6479261  1.2564793 ]]
2021-03-21 164043 : [[0.23944934 1.61044    0.7718409  1.6479254  1.2564793 ]]
2021-03-21 164043 : [[0.23944944 1.6104414  0.7718409  1.6479254  1.2564793 ]]
2021-03-21 164043 : [[0.23944893 1.6104405  0.7718409  1.6479236  1.2564793 ]]
2021-03-21 164043 : [[0.2394496 1.6104401 0.7718409 1.6479249 1.2564793]]
2021-03-21 164043 : [[0.23944941 1.6104412  0.7718409  1.6479263  1.2564793 ]]
2021-03-21 164043 : [[0.23944859 1.6104404  0.7718409  1.6479232  1.2564793 ]]
2021-03-21 164044 : [[0.23944846 1.6104401  0.7718409  1.6479266  1.2564793 ]]
2021-03-21 164044 : [[0.23944883 1.6104393  0.7718409  1.6479251  1.2564793 ]]
2021-03-21 164044 : [[0.23944932 1.6104405  0.7718409  1.6479253  1.2564793 ]]
2021-03-21 164044 : [[0.23945016 1.6104403  0.7718409  1.647923   1.2564793 ]]
2021-03-21 164044 : [[0.23944905 1.6104394  0.7718409  1.6479238  1.2564793 ]]
2021-03-21 164044 : [[0.23944853 1.6104401  0.7718409  1.6479249  1.2564793 ]]
2021-03-21 164044 : [[0.23944908 1.6104403  0.7718409  1.647924   1.2564793 ]]
2021-03-21 164044 : [[0.23945019 1.6104394  0.7718409  1.6479235  1.2564793 ]]
2021-03-21 164044 : [[0.23945022 1.6104406  0.7718409  1.647923   1.2564793 ]]
2021-03-21 164044 : [[0.2394489 1.6104403 0.7718409 1.6479225 1.2564793]]
2021-03-21 164045 : [[0.23944958 1.6104397  0.7718409  1.6479235  1.2564793 ]]
2021-03-21 164045 : [[0.23944949 1.6104398  0.7718409  1.6479253  1.2564793 ]]
2021-03-21 164045 : [[0.23944917 1.6104395  0.7718409  1.647925   1.2564793 ]]
2021-03-21 164045 : [[0.23944905 1.6104411  0.7718409  1.6479244  1.2564793 ]]
