2021-03-20 223445 : [[1.751277  0.3806188 1.098455  3.689372  1.5889062]]
2021-03-20 223525 : [[1.3267305 1.6318834 1.4613531 7.3063307 3.6572583]]
2021-03-20 223525 : [[1.2094773 1.5445006 1.3970116 6.833685  3.4865863]]
2021-03-20 223525 : [[1.1181794 1.5352352 1.4059759 6.6194935 3.373796 ]]
2021-03-20 223525 : [[1.0549557 1.5353277 1.3969972 6.6301374 3.3074865]]
2021-03-20 223526 : [[1.0132301 1.5349456 1.3980945 6.6168556 3.2679844]]
2021-03-20 223526 : [[0.9846999 1.534855  1.3969771 6.61096   3.2423923]]
2021-03-20 223526 : [[0.96421397 1.5348637  1.3971074  6.6118507  3.2243114 ]]
2021-03-20 223526 : [[0.94904387 1.5348324  1.3969562  6.6105204  3.2138245 ]]
2021-03-20 223527 : [[0.93751395 1.5348326  1.3969753  6.6105757  3.2069292 ]]
2021-03-20 223527 : [[0.9285215 1.5348324 1.3969564 6.610469  3.2008636]]
2021-03-20 223527 : [[0.92135906 1.534831   1.3969573  6.610426   3.195752  ]]
2021-03-20 223527 : [[0.9155648 1.5348309 1.396957  6.6104126 3.191833 ]]
2021-03-20 223527 : [[0.9108178 1.5348312 1.3969564 6.6103935 3.1891844]]
2021-03-20 223528 : [[0.9072756 1.5348306 1.3969567 6.610386  3.1876552]]
2021-03-20 223528 : [[0.90723574 1.5348308  1.3969564  6.6103697  3.1869292 ]]
2021-03-20 223528 : [[0.9072365 1.5348309 1.3969582 6.610354  3.1866655]]
2021-03-20 223528 : [[0.9072375 1.534832  1.3969569 6.6103444 3.186604 ]]
2021-03-20 223529 : [[0.90723515 1.53483    1.3969557  6.6103234  3.1865976 ]]
2021-03-20 223529 : [[0.9072338 1.5348308 1.3969564 6.6103106 3.1865993]]
2021-03-20 223529 : [[0.90723455 1.5348287  1.3969551  6.6102915  3.1865997 ]]
2021-03-20 223529 : [[0.90723497 1.5348302  1.3969553  6.6102757  3.1865985 ]]
2021-03-20 223530 : [[0.9072341 1.5348302 1.3969572 6.610263  3.1865969]]
2021-03-20 223530 : [[0.9072336 1.5348302 1.3969548 6.610247  3.1865988]]
2021-03-20 223530 : [[0.9072343 1.5348302 1.396956  6.61022   3.1865985]]
2021-03-20 223530 : [[0.9072338 1.5348302 1.3969554 6.6102157 3.1865973]]
2021-03-20 223531 : [[0.90723526 1.5348297  1.3969558  6.610199   3.1865976 ]]
2021-03-20 223531 : [[0.90723383 1.5348293  1.396957   6.610177   3.1865976 ]]
2021-03-20 223531 : [[0.90723467 1.5348299  1.3969566  6.6101613  3.1865988 ]]
2021-03-20 223531 : [[0.90723443 1.5348297  1.3969568  6.6101465  3.1865964 ]]
2021-03-20 223532 : [[0.9072339 1.5348297 1.3969563 6.610127  3.1865964]]
2021-03-20 223532 : [[0.90723324 1.5348297  1.3969564  6.6101093  3.1865966 ]]
2021-03-20 223532 : [[0.90723443 1.5348297  1.3969561  6.610091   3.1865983 ]]
2021-03-20 223532 : [[0.9072336 1.5348297 1.3969556 6.6100764 3.1865985]]
2021-03-20 223533 : [[0.90723306 1.5348297  1.3969561  6.610057   3.1866    ]]
2021-03-20 223533 : [[0.90723443 1.5348297  1.3969558  6.6100435  3.1865995 ]]
2021-03-20 223533 : [[0.90723383 1.5348297  1.3969568  6.6100225  3.1865988 ]]
2021-03-20 223533 : [[0.90723383 1.5348297  1.3969569  6.610002   3.1865985 ]]
2021-03-20 223534 : [[0.90723383 1.5348297  1.3969573  6.609989   3.1865973 ]]
2021-03-20 223534 : [[0.9072341 1.5348297 1.3969575 6.6099644 3.1866   ]]
2021-03-20 223534 : [[0.90723383 1.5348297  1.396956   6.60995    3.1865988 ]]
2021-03-20 223534 : [[0.90723383 1.5348297  1.3969555  6.6099367  3.1865988 ]]
2021-03-20 223535 : [[0.9072341 1.5348297 1.3969539 6.6099186 3.1866   ]]
2021-03-20 223535 : [[0.90723383 1.5348297  1.3969563  6.6099     3.1866    ]]
2021-03-20 223535 : [[0.9072341 1.5348297 1.3969549 6.6098843 3.1865988]]
2021-03-20 223535 : [[0.9072341 1.5348297 1.3969558 6.6098623 3.1865978]]
2021-03-20 223536 : [[0.90723383 1.5348297  1.3969555  6.609851   3.1866    ]]
2021-03-20 223536 : [[0.9072341 1.5348297 1.3969561 6.60983   3.1865988]]
2021-03-20 223536 : [[0.9072341 1.5348297 1.3969561 6.609815  3.1866   ]]
2021-03-20 223536 : [[0.9072341 1.5348297 1.3969545 6.6097927 3.1866   ]]
2021-03-20 223536 : [[0.90723383 1.5348297  1.3969549  6.6097717  3.1866    ]]
2021-03-20 223537 : [[0.90723383 1.5348297  1.3969556  6.6097584  3.1866    ]]
2021-03-20 223537 : [[0.90723383 1.5348297  1.3969554  6.6097393  3.1866    ]]
2021-03-20 223537 : [[0.90723383 1.5348297  1.3969554  6.609723   3.1866    ]]
2021-03-20 223537 : [[0.9072341 1.5348297 1.3969553 6.6097093 3.1866   ]]
2021-03-20 223538 : [[0.90723383 1.5348297  1.3969556  6.609687   3.1866    ]]
2021-03-20 223538 : [[0.90723383 1.5348297  1.3969556  6.609675   3.1866    ]]
2021-03-20 223538 : [[0.90723383 1.5348297  1.3969561  6.60966    3.1866    ]]
2021-03-20 223538 : [[0.90723383 1.5348297  1.3969556  6.609643   3.1866    ]]
2021-03-20 223539 : [[0.90723383 1.5348297  1.3969567  6.609627   3.1865978 ]]
2021-03-20 223539 : [[0.90723383 1.5348297  1.3969558  6.609609   3.1866    ]]
2021-03-20 223539 : [[0.9072341 1.5348297 1.3969554 6.6095915 3.1865988]]
2021-03-20 223539 : [[0.90723383 1.5348297  1.3969551  6.609577   3.1866    ]]
2021-03-20 223540 : [[0.90723383 1.5348297  1.3969563  6.6095595  3.1866    ]]
2021-03-20 223540 : [[0.90723383 1.5348297  1.3969561  6.609542   3.1866    ]]
2021-03-20 223540 : [[0.9072341 1.5348297 1.396955  6.609523  3.1866   ]]
2021-03-20 223540 : [[0.9072341 1.5348297 1.3969554 6.609504  3.1866   ]]
2021-03-20 223541 : [[0.90723383 1.5348297  1.3969555  6.6094923  3.1866    ]]
2021-03-20 223541 : [[0.9072341 1.5348297 1.3969562 6.609473  3.1865978]]
2021-03-20 223541 : [[0.9072341 1.5348297 1.3969563 6.609457  3.1865988]]
2021-03-20 223541 : [[0.9072341 1.5348297 1.3969542 6.6094427 3.1865988]]
2021-03-20 223542 : [[0.90723383 1.5348297  1.3969547  6.6094275  3.1866    ]]
2021-03-20 223542 : [[0.9072341 1.5348297 1.3969562 6.6094112 3.1866   ]]
2021-03-20 223542 : [[0.90723383 1.5348297  1.3969557  6.609392   3.1865978 ]]
2021-03-20 223542 : [[0.9072341 1.5348297 1.3969557 6.6093774 3.1865978]]
2021-03-20 223543 : [[0.9072341 1.5348297 1.3969551 6.6093674 3.1866   ]]
2021-03-20 223543 : [[0.9072341 1.5348297 1.3969547 6.6093497 3.1865978]]
2021-03-20 223543 : [[0.90723383 1.5348297  1.3969544  6.609329   3.1866    ]]
2021-03-20 223543 : [[0.90723383 1.5348297  1.3969561  6.6093187  3.1865988 ]]
2021-03-20 223543 : [[0.9072341 1.5348297 1.3969562 6.609303  3.1866   ]]
2021-03-20 223544 : [[0.90723383 1.5348297  1.3969554  6.6092834  3.1865988 ]]
2021-03-20 223556 : [[1.7455714 1.021177  0.8655338 0.6771226 1.7661136]]
2021-03-20 223559 : [[1.7455695  1.0211768  0.8655336  0.67298245 1.7449908 ]]
2021-03-20 223601 : [[1.7455671 1.021177  0.8655338 0.6729082 1.7449908]]
2021-03-20 223603 : [[1.7455642 1.0211772 0.8655338 0.6729088 1.7449908]]
2021-03-20 223606 : [[1.7455606 1.0211772 0.8655337 0.6729088 1.7449908]]
2021-03-20 223629 : [[2.2274563  3.900065   1.9403267  0.85302436 1.2020845 ]]
2021-03-20 223630 : [[2.2036982 3.8883398 1.908637  0.8184087 1.1706299]]
2021-03-20 223631 : [[2.1838338 3.8798676 1.8818128 0.7897706 1.144992 ]]
2021-03-20 223632 : [[2.1644921  3.872971   1.8555138  0.76237494 1.1212256 ]]
2021-03-20 223633 : [[2.1450758  3.8675423  1.8290999  0.73563707 1.0974306 ]]
2021-03-20 223634 : [[2.125398  3.8636136 1.8024199 0.7095243 1.0734578]]
2021-03-20 223635 : [[2.1054208 3.8611674 1.7754734 0.6841736 1.0492935]]
2021-03-20 223636 : [[2.085166  3.8600252 1.74832   0.659794  1.0249693]]
2021-03-20 223637 : [[2.064681  3.8598363 1.7210588 0.6366282 1.0005447]]
2021-03-20 223638 : [[2.0440261 3.8601334 1.6938087 0.6149312 0.9760968]]
2021-03-20 223639 : [[2.0232778 3.8604898 1.6667123 0.5949459 0.9517118]]
2021-03-20 223640 : [[2.0025153 3.860624  1.6399152 0.5768944 0.9274704]]
2021-03-20 223641 : [[1.9818187 3.8603935 1.6135767 0.560949  0.9034577]]
2021-03-20 223642 : [[1.9612764  3.8597913  1.5878599  0.5472273  0.87975645]]
2021-03-20 223643 : [[1.9409698 3.858899  1.5629354 0.5357621 0.8564449]]
2021-03-20 223644 : [[1.9209896 3.857862  1.5389624 0.526497  0.8335929]]
2021-03-20 223645 : [[1.90141   3.8568437 1.5161047 0.5192789 0.8112634]]
2021-03-20 223646 : [[1.8823043 3.8560057 1.4945219 0.5122767 0.7895187]]
2021-03-20 223647 : [[1.8637277 3.8554573 1.474353  0.5061216 0.7684015]]
2021-03-20 223648 : [[1.84572    3.8552551  1.4557191  0.5012236  0.75251895]]
2021-03-20 223650 : [[1.8283046 3.85538   1.43872   0.4975307 0.740091 ]]
2021-03-20 223651 : [[1.8114895  3.8557408  1.4234189  0.49496952 0.7277663 ]]
2021-03-20 223652 : [[1.7952795  3.8562179  1.4098356  0.49344525 0.7155586 ]]
2021-03-20 223653 : [[1.7796668  3.8566685  1.397941   0.49283576 0.703481  ]]
2021-03-20 223654 : [[1.76466    3.8569946  1.3876523  0.49299496 0.69154733]]
2021-03-20 223655 : [[1.7502625  3.8571281  1.3788401  0.49375924 0.6797696 ]]
2021-03-20 223656 : [[1.7364836  3.857046   1.3713378  0.49494296 0.6681629 ]]
2021-03-20 223657 : [[1.7233226  3.8567991  1.3649554  0.49636102 0.6567388 ]]
2021-03-20 223658 : [[1.7107887  3.8564343  1.3595095  0.49782893 0.6455103 ]]
2021-03-20 223659 : [[1.698877   3.8560376  1.3548303  0.49918643 0.63448817]]
2021-03-20 223700 : [[1.687586  3.8556666 1.3507829 0.5003037 0.6236875]]
2021-03-20 223701 : [[1.6781728  3.8553865  1.3472605  0.50109196 0.6131151 ]]
2021-03-20 223702 : [[1.6704986 3.8552139 1.3441871 0.5015103 0.602784 ]]
2021-03-20 223703 : [[1.6630976  3.8551395  1.3415116  0.50155586 0.5927031 ]]
2021-03-20 223704 : [[1.6559651  3.855151   1.3392038  0.50126106 0.5828787 ]]
2021-03-20 223705 : [[1.6490798  3.855197   1.3372406  0.5006854  0.57332295]]
2021-03-20 223706 : [[1.6424176  3.855239   1.3356091  0.49989924 0.5640403 ]]
2021-03-20 223707 : [[1.6359622 3.8552518 1.3342957 0.4989792 0.5550384]]
2021-03-20 223708 : [[1.6296996  3.8552263  1.3332855  0.49799737 0.5463221 ]]
2021-03-20 223709 : [[1.6236296 3.8551674 1.3325582 0.4970185 0.5378951]]
2021-03-20 223711 : [[1.6177557  3.8550975  1.3320925  0.49609408 0.52976316]]
2021-03-20 223712 : [[1.6120783  3.855033   1.3318555  0.49526322 0.52192724]]
2021-03-20 223713 : [[1.6066176  3.8549962  1.3318138  0.4945504  0.51439023]]
2021-03-20 223714 : [[1.6013781  3.8549855  1.331929   0.49396843 0.5071529 ]]
2021-03-20 223715 : [[1.5963752  3.8550122  1.3321617  0.49351972 0.5002173 ]]
2021-03-20 223716 : [[1.5916028  3.855051   1.3324747  0.49319768 0.49358103]]
2021-03-20 223717 : [[1.5870614 3.8550954 1.3328288 0.4929894 0.4872423]]
2021-03-20 223718 : [[1.5827394  3.8551164  1.3331913  0.49288028 0.48120078]]
2021-03-20 223719 : [[1.578628   3.8551178  1.3335351  0.49284926 0.47545245]]
2021-03-20 223720 : [[1.5747075  3.8550944  1.3338385  0.49288    0.46999443]]
2021-03-20 223721 : [[1.5709707  3.855052   1.3340867  0.49295253 0.4648221 ]]
2021-03-20 223722 : [[1.567409   3.8549962  1.334269   0.49304938 0.4599303 ]]
2021-03-20 223723 : [[1.564023   3.8549452  1.3343843  0.4931559  0.45531434]]
2021-03-20 223724 : [[1.5608085  3.8549118  1.3344297  0.49326175 0.4509674 ]]
2021-03-20 223725 : [[1.5577691  3.8548887  1.3344152  0.4933551  0.44688356]]
2021-03-20 223726 : [[1.5549104  3.8548865  1.334343   0.49342963 0.44305497]]
2021-03-20 223727 : [[1.5522242  3.8548985  1.3342302  0.49348283 0.43947518]]
2021-03-20 223728 : [[1.5497108  3.8549128  1.3340789  0.49351156 0.4361356 ]]
2021-03-20 223729 : [[1.5473628  3.8549223  1.3339045  0.49351615 0.4330281 ]]
2021-03-20 223730 : [[1.5451715  3.8549275  1.3337164  0.49349806 0.43014413]]
2021-03-20 223731 : [[1.543129   3.8549209  1.333521   0.4934613  0.42747575]]
2021-03-20 223732 : [[1.5412254  3.8549194  1.3333251  0.49340838 0.42501262]]
2021-03-20 223739 : [[1.296153  1.9247377 2.2411299 3.8597038 3.2437193]]
2021-03-20 223739 : [[1.2886025 1.906091  2.2009332 3.8161325 3.2050467]]
2021-03-20 223739 : [[1.2824479 1.8905213 2.1669497 3.7804103 3.172728 ]]
2021-03-20 223739 : [[1.2766204 1.8754214 2.1337135 3.7463925 3.1413794]]
2021-03-20 223739 : [[1.2709723 1.8603681 2.1004746 3.7132144 3.1102047]]
2021-03-20 223739 : [[1.2654777 1.845211  2.0671005 3.6806726 3.0789943]]
2021-03-20 223739 : [[1.2601323 1.8298538 2.0336707 3.6487703 3.0477195]]
2021-03-20 223739 : [[1.2549522 1.8142456 2.000365  3.6175642 3.0164022]]
2021-03-20 223739 : [[1.249952  1.7983752 1.9674263 3.587148  2.9851031]]
2021-03-20 223739 : [[1.2451485 1.7822695 1.93516   3.557618  2.953898 ]]
2021-03-20 223740 : [[1.2405561 1.7659832 1.9039264 3.5290737 2.9228616]]
2021-03-20 223740 : [[1.2361797 1.7495838 1.8741267 3.5015948 2.8920734]]
2021-03-20 223740 : [[1.2320262 1.73314   1.8462265 3.475256  2.8616016]]
2021-03-20 223740 : [[1.2280908 1.7167263 1.8207359 3.4501095 2.8315184]]
2021-03-20 223740 : [[1.2243677 1.7004052 1.7982287 3.4262056 2.8018765]]
2021-03-20 223740 : [[1.2208489 1.6842408 1.7793179 3.4035623 2.7727325]]
2021-03-20 223740 : [[1.2175193 1.6682674 1.7646387 3.3822036 2.7441263]]
2021-03-20 223740 : [[1.2143615 1.6525078 1.7547997 3.3621283 2.7160943]]
2021-03-20 223740 : [[1.2113588 1.6369702 1.7502644 3.3433254 2.688666 ]]
2021-03-20 223740 : [[1.2084892 1.6216562 1.7511466 3.3257737 2.6618583]]
2021-03-20 223740 : [[1.2057402 1.6065768 1.756914  3.3094404 2.6356878]]
2021-03-20 223740 : [[1.2030936 1.5917434 1.7644494 3.2942905 2.61016  ]]
2021-03-20 223740 : [[1.2005348 1.5771817 1.7705777 3.2802808 2.5852768]]
2021-03-20 223740 : [[1.1980503 1.5629239 1.7751191 3.2673652 2.5610342]]
2021-03-20 223740 : [[1.1956336 1.5489951 1.7774761 3.2554865 2.5374255]]
2021-03-20 223740 : [[1.1932759 1.5354202 1.7775426 3.2445996 2.5144446]]
2021-03-20 223740 : [[1.1909742 1.5222156 1.7755992 3.2346392 2.4920738]]
2021-03-20 223740 : [[1.1887243 1.509383  1.7721744 3.2255545 2.4703012]]
2021-03-20 223740 : [[1.1865288 1.4969234 1.7678792 3.2172885 2.44911  ]]
2021-03-20 223740 : [[1.1843861 1.4848286 1.763294  3.2097812 2.4284778]]
2021-03-20 223740 : [[1.1823015 1.4730849 1.7589035 3.202977  2.4083922]]
2021-03-20 223740 : [[1.1802739 1.4616883 1.7550532 3.1968207 2.38883  ]]
2021-03-20 223740 : [[1.1783093 1.450629  1.7519631 3.1912637 2.3697686]]
2021-03-20 223740 : [[1.176414  1.4399083 1.7497156 3.1862502 2.3511934]]
2021-03-20 223740 : [[1.1745889 1.4295197 1.7482964 3.1817322 2.3330815]]
2021-03-20 223740 : [[1.1728371 1.4194639 1.7476172 3.1776624 2.3154128]]
2021-03-20 223740 : [[1.1711644 1.4097418 1.7475402 3.1739962 2.298171 ]]
2021-03-20 223740 : [[1.1695721 1.4003425 1.7479007 3.1706905 2.2813346]]
2021-03-20 223740 : [[1.1680636 1.3912559 1.7485404 3.1677065 2.2648885]]
2021-03-20 223740 : [[1.1666389 1.3824682 1.7493007 3.165008  2.2488136]]
2021-03-20 223740 : [[1.1652988 1.3739681 1.7500627 3.162562  2.2330928]]
2021-03-20 223741 : [[1.164043  1.3657405 1.7507182 3.1603317 2.2177117]]
2021-03-20 223741 : [[1.1628706 1.3577802 1.7512031 3.1582932 2.2026563]]
2021-03-20 223741 : [[1.1617796 1.3500798 1.7514783 3.156421  2.1879103]]
2021-03-20 223741 : [[1.1607672 1.3426363 1.7515377 3.1546888 2.173463 ]]
2021-03-20 223741 : [[1.1598891 1.3354464 1.7513888 3.1530752 2.1592975]]
2021-03-20 223741 : [[1.1592566 1.3285031 1.75107   3.1515672 2.1454065]]
2021-03-20 223741 : [[1.1586505 1.3218007 1.7506168 3.1501431 2.1317782]]
2021-03-20 223741 : [[1.158071  1.3153293 1.7500873 3.1487927 2.1184015]]
2021-03-20 223741 : [[1.1575185 1.3090813 1.749526  3.1474998 2.1052668]]
2021-03-20 223741 : [[1.1569917 1.3030484 1.7489831 3.1462636 2.0923653]]
2021-03-20 223741 : [[1.156492  1.297225  1.7484938 3.1450677 2.07969  ]]
2021-03-20 223741 : [[1.1560216 1.2916036 1.7480941 3.1439126 2.067233 ]]
2021-03-20 223741 : [[1.1555753 1.2861829 1.7477975 3.142789  2.054989 ]]
2021-03-20 223741 : [[1.1551571 1.2809587 1.7476051 3.1416953 2.0429473]]
2021-03-20 223741 : [[1.1547652 1.2759252 1.7475188 3.1406257 2.031108 ]]
2021-03-20 223741 : [[1.1544008 1.2710807 1.7475189 3.1395843 2.0194654]]
2021-03-20 223741 : [[1.1540618 1.2664123 1.747587  3.1385686 2.0080156]]
2021-03-20 223741 : [[1.1537491 1.2619233 1.7476941 3.1375713 1.9967499]]
2021-03-20 223741 : [[1.1534617 1.2576025 1.7478178 3.1366024 1.9856718]]
2021-03-20 223741 : [[1.1531969 1.253448  1.7479348 3.1356578 1.9747775]]
2021-03-20 223741 : [[1.1529577 1.2494571 1.7480273 3.134736  1.9640632]]
2021-03-20 223741 : [[1.1527414 1.2456272 1.7480819 3.133841  1.9535265]]
2021-03-20 223741 : [[1.1525471 1.2419558 1.7480971 3.1329746 1.9431702]]
2021-03-20 223741 : [[1.1523714 1.2384392 1.7480745 3.132133  1.9329915]]
2021-03-20 223741 : [[1.1522181 1.2350743 1.7480183 3.1313193 1.922994 ]]
2021-03-20 223741 : [[1.1520813 1.2318568 1.747941  3.1305327 1.9131725]]
2021-03-20 223741 : [[1.1519635 1.2287856 1.747848  3.1297746 1.9035318]]
2021-03-20 223741 : [[1.1518619 1.2258525 1.7477572 3.129047  1.8940742]]
2021-03-20 223741 : [[1.1517763 1.2230603 1.7476705 3.1283453 1.8848002]]
2021-03-20 223741 : [[1.1517026 1.2204063 1.7476014 3.127673  1.8757126]]
2021-03-20 223742 : [[1.1516446 1.2178822 1.7475536 3.1270318 1.8668138]]
2021-03-20 223742 : [[1.1515954 1.2154897 1.7475214 3.1264145 1.8581071]]
2021-03-20 223742 : [[1.1515596 1.2132256 1.7475116 3.125823  1.8495959]]
2021-03-20 223742 : [[1.1515288 1.2110853 1.7475157 3.1252632 1.8412848]]
2021-03-20 223742 : [[1.1515095 1.2090646 1.7475312 3.1247249 1.8331795]]
2021-03-20 223742 : [[1.1514935 1.2071645 1.7475505 3.1242104 1.8252766]]
2021-03-20 223742 : [[1.151484  1.2053761 1.747571  3.1237202 1.8175924]]
2021-03-20 223742 : [[1.1514797 1.2037027 1.7475923 3.1232548 1.8101213]]
2021-03-20 223742 : [[1.151478  1.202138  1.7476015 3.122807  1.8028724]]
2021-03-20 223742 : [[1.15148   1.2006797 1.7476076 3.1223822 1.7958542]]
2021-03-20 223742 : [[1.151484  1.2003359 1.7476091 3.1219773 1.7940171]]
2021-03-20 223742 : [[1.1514891 1.200343  1.7476003 3.1215892 1.793994 ]]
2021-03-20 223742 : [[1.151495  1.2003493 1.7475904 3.1212213 1.7939795]]
2021-03-20 223742 : [[1.1515003 1.2003502 1.747573  3.120869  1.7939676]]
2021-03-20 223742 : [[1.1515064 1.2003454 1.7475545 3.120533  1.7939616]]
2021-03-20 223742 : [[1.1515112 1.2003368 1.7475399 3.1202126 1.7939577]]
2021-03-20 223742 : [[1.1515162 1.2003348 1.7475264 3.1199045 1.7939565]]
2021-03-20 223742 : [[1.1515208 1.2003326 1.7475156 3.1196105 1.7939591]]
2021-03-20 223742 : [[1.1515224 1.2003362 1.7475125 3.1193283 1.7939606]]
2021-03-20 223742 : [[1.1515255 1.2003415 1.7475122 3.1190636 1.7939636]]
2021-03-20 223742 : [[1.1515267 1.2003419 1.7475106 3.1188054 1.7939682]]
2021-03-20 223742 : [[1.1515272 1.2003373 1.7475148 3.118556  1.7939712]]
2021-03-20 223742 : [[1.1515274 1.200334  1.7475169 3.1183221 1.7939761]]
2021-03-20 223742 : [[1.1515267 1.2003303 1.7475227 3.1180964 1.7939816]]
2021-03-20 223742 : [[1.1515235 1.2003324 1.7475244 3.117878  1.7939849]]
2021-03-20 223742 : [[1.1515226 1.200335  1.7475274 3.1176734 1.7939855]]
2021-03-20 223742 : [[1.1515199 1.200335  1.7475278 3.1174777 1.7939885]]
2021-03-20 223742 : [[1.1515162 1.2003372 1.7475266 3.1172893 1.7939912]]
2021-03-20 223742 : [[1.1515137 1.2003363 1.7475255 3.1171064 1.7939922]]
2021-03-20 223742 : [[1.15151   1.200334  1.7475231 3.1169324 1.7939911]]
2021-03-20 223743 : [[1.1515083 1.2003329 1.7475206 3.116766  1.7939907]]
2021-03-20 223743 : [[1.1515026 1.2003329 1.7475152 3.1166077 1.7939922]]
2021-03-20 223743 : [[1.1515006 1.2003329 1.7475145 3.1164548 1.7939888]]
2021-03-20 223743 : [[1.1514976 1.2003345 1.747513  3.1163137 1.7939898]]
2021-03-20 223743 : [[1.1514958 1.2003336 1.7475095 3.1161757 1.7939873]]
2021-03-20 223743 : [[1.1514933 1.2003319 1.7475097 3.1160464 1.7939866]]
2021-03-20 223743 : [[1.1514903 1.2003336 1.7475094 3.1159177 1.7939832]]
2021-03-20 223743 : [[1.1514874 1.2003306 1.7475121 3.1158013 1.7939816]]
2021-03-20 223743 : [[1.151485  1.2003322 1.7475102 3.1156883 1.7939785]]
2021-03-20 223743 : [[1.151484  1.2003305 1.747513  3.1155791 1.7939773]]
2021-03-20 223743 : [[1.1514829 1.200332  1.7475123 3.1154764 1.7939749]]
2021-03-20 223743 : [[1.1514816 1.2003324 1.7475137 3.1153765 1.7939728]]
2021-03-20 223743 : [[1.1514812 1.2003314 1.7475142 3.1152868 1.7939696]]
2021-03-20 223743 : [[1.1514798 1.2003324 1.7475142 3.115198  1.7939668]]
2021-03-20 223743 : [[1.1514797 1.2003314 1.7475137 3.1151161 1.7939662]]
2021-03-20 223743 : [[1.1514788 1.2003326 1.7475109 3.1150358 1.7939632]]
2021-03-20 223743 : [[1.1514794 1.2003325 1.747513  3.1149611 1.7939614]]
2021-03-20 223743 : [[1.151478  1.2003338 1.7475127 3.114889  1.7939608]]
2021-03-20 223743 : [[1.1514794 1.2003301 1.7475106 3.1148243 1.7939576]]
2021-03-20 223743 : [[1.1514783 1.2003305 1.7475109 3.1147568 1.7939578]]
2021-03-20 223743 : [[1.1514788 1.200331  1.7475114 3.1146972 1.7939571]]
2021-03-20 223743 : [[1.151479  1.2003313 1.7475116 3.1146414 1.7939563]]
2021-03-20 223743 : [[1.1514785 1.2003324 1.7475109 3.1145887 1.7939546]]
2021-03-20 223743 : [[1.1514788 1.2003314 1.7475107 3.1145363 1.7939544]]
2021-03-20 223743 : [[1.1514789 1.2003326 1.7475107 3.1144881 1.7939533]]
2021-03-20 223743 : [[1.1514795 1.2003305 1.7475109 3.114441  1.7939553]]
2021-03-20 223743 : [[1.1514785 1.2003329 1.7475106 3.1144004 1.7939528]]
2021-03-20 223743 : [[1.1514795 1.200332  1.7475097 3.114359  1.7939522]]
2021-03-20 223743 : [[1.1514791 1.2003316 1.7475106 3.1143205 1.7939517]]
2021-03-20 223743 : [[1.1514794 1.2003313 1.7475114 3.1142824 1.793953 ]]
2021-03-20 223743 : [[1.15148   1.2003322 1.7475103 3.1142492 1.7939507]]
2021-03-20 223744 : [[1.1514785 1.2003323 1.7475113 3.1142192 1.7939521]]
2021-03-20 223744 : [[1.1514788 1.2003324 1.7475108 3.114188  1.7939512]]
2021-03-20 223744 : [[1.1514786 1.2003341 1.74751   3.1141584 1.793953 ]]
2021-03-20 223744 : [[1.1514788 1.200331  1.7475114 3.1141322 1.7939515]]
2021-03-20 223744 : [[1.151478  1.2003322 1.7475104 3.1141033 1.7939521]]
2021-03-20 223744 : [[1.1514785 1.2003307 1.747511  3.1140823 1.7939522]]
2021-03-20 223744 : [[1.1514783 1.2003317 1.7475109 3.1140609 1.7939506]]
2021-03-20 223744 : [[1.1514794 1.2003305 1.74751   3.114039  1.7939523]]
2021-03-20 223744 : [[1.151479  1.2003326 1.7475108 3.1140227 1.7939522]]
2021-03-20 223744 : [[1.151479  1.2003323 1.7475095 3.1140022 1.793954 ]]
2021-03-20 223744 : [[1.1514797 1.2003326 1.7475121 3.113982  1.793951 ]]
2021-03-20 223744 : [[1.15148   1.2003319 1.7475111 3.1139643 1.7939517]]
2021-03-20 223744 : [[1.1514783 1.2003317 1.7475102 3.1139514 1.7939532]]
2021-03-20 223744 : [[1.1514789 1.2003316 1.74751   3.1139388 1.7939538]]
2021-03-20 223744 : [[1.1514778 1.2003307 1.7475096 3.1139266 1.793952 ]]
2021-03-20 223744 : [[1.1514791 1.2003319 1.74751   3.11391   1.7939528]]
2021-03-20 223744 : [[1.1514794 1.200332  1.7475114 3.113902  1.7939525]]
2021-03-20 223744 : [[1.151478  1.2003322 1.7475097 3.1138892 1.793951 ]]
2021-03-20 223744 : [[1.1514791 1.2003309 1.7475097 3.1138773 1.7939513]]
2021-03-20 223744 : [[1.1514795 1.200331  1.7475094 3.1138725 1.7939528]]
2021-03-20 223744 : [[1.1514794 1.2003309 1.7475091 3.1138618 1.7939523]]
2021-03-20 223744 : [[1.1514783 1.2003319 1.7475092 3.113855  1.793953 ]]
2021-03-20 223744 : [[1.151478  1.2003326 1.7475109 3.113848  1.7939525]]
2021-03-20 223744 : [[1.151478  1.2003312 1.7475092 3.1138375 1.7939519]]
2021-03-20 223744 : [[1.151478  1.2003314 1.7475088 3.1138277 1.7939521]]
2021-03-20 223744 : [[1.1514783 1.200332  1.7475098 3.1138241 1.7939534]]
2021-03-20 223744 : [[1.1514788 1.2003324 1.7475101 3.11382   1.7939517]]
2021-03-20 223744 : [[1.151478  1.2003319 1.7475095 3.1138127 1.7939517]]
2021-03-20 223744 : [[1.151479  1.2003303 1.7475113 3.113809  1.7939504]]
2021-03-20 223744 : [[1.151478  1.2003318 1.7475076 3.1138053 1.793951 ]]
2021-03-20 223745 : [[1.1514771 1.2003326 1.7475104 3.1138    1.7939516]]
2021-03-20 223745 : [[1.1514778 1.2003318 1.74751   3.113795  1.793952 ]]
2021-03-20 223745 : [[1.1514784 1.2003314 1.7475107 3.113793  1.7939527]]
2021-03-20 223745 : [[1.1514783 1.2003317 1.7475088 3.1137862 1.7939514]]
2021-03-20 223745 : [[1.1514777 1.2003317 1.7475104 3.1137853 1.7939527]]
2021-03-20 223745 : [[1.1514786 1.2003317 1.7475107 3.113782  1.7939512]]
2021-03-20 223745 : [[1.1514786 1.2003322 1.7475108 3.113778  1.7939509]]
2021-03-20 223745 : [[1.1514788 1.2003313 1.7475092 3.1137757 1.7939527]]
2021-03-20 223745 : [[1.1514783 1.200331  1.7475113 3.1137733 1.7939537]]
2021-03-20 223745 : [[1.1514792 1.2003324 1.7475089 3.113775  1.7939521]]
2021-03-20 223745 : [[1.1514778 1.2003313 1.7475097 3.113769  1.7939516]]
2021-03-20 223745 : [[1.1514792 1.2003313 1.7475096 3.11377   1.7939502]]
2021-03-20 223745 : [[1.1514785 1.2003313 1.7475095 3.1137662 1.793951 ]]
2021-03-20 223745 : [[1.1514771 1.2003318 1.7475088 3.113765  1.7939527]]
2021-03-20 223745 : [[1.1514789 1.2003318 1.7475098 3.113763  1.793952 ]]
2021-03-20 223745 : [[1.1514783 1.2003319 1.7475108 3.1137629 1.7939515]]
2021-03-20 223745 : [[1.1514783 1.2003326 1.7475095 3.1137586 1.793951 ]]
2021-03-20 223745 : [[1.1514782 1.2003314 1.7475095 3.113759  1.7939512]]
2021-03-20 223745 : [[1.1514795 1.2003307 1.7475097 3.1137595 1.7939519]]
2021-03-20 223745 : [[1.1514783 1.2003312 1.7475114 3.113759  1.7939519]]
2021-03-20 223745 : [[1.1514771 1.200331  1.7475094 3.1137564 1.7939516]]
2021-03-20 223745 : [[1.1514796 1.2003317 1.7475085 3.1137562 1.7939506]]
2021-03-20 223745 : [[1.151479  1.2003322 1.74751   3.1137562 1.7939521]]
2021-03-20 223745 : [[1.1514788 1.2003314 1.7475097 3.113755  1.7939517]]
2021-03-20 223745 : [[1.1514795 1.2003312 1.7475101 3.113754  1.793952 ]]
2021-03-20 223745 : [[1.1514776 1.200331  1.7475094 3.113757  1.7939526]]
2021-03-20 223745 : [[1.1514776 1.2003334 1.747511  3.113752  1.7939515]]
2021-03-20 223745 : [[1.151478  1.2003325 1.7475104 3.1137538 1.7939512]]
2021-03-20 223745 : [[1.1514794 1.2003322 1.7475109 3.1137521 1.7939506]]
2021-03-20 223745 : [[1.1514776 1.2003311 1.7475106 3.1137538 1.7939515]]
2021-03-20 223746 : [[1.1514786 1.200332  1.7475097 3.1137512 1.7939517]]
2021-03-20 223746 : [[1.1514788 1.2003319 1.74751   3.1137497 1.7939514]]
2021-03-20 223746 : [[1.1514788 1.2003331 1.7475116 3.1137507 1.7939507]]
2021-03-20 223746 : [[1.1514795 1.2003323 1.7475113 3.1137502 1.7939514]]
2021-03-20 223746 : [[1.1514783 1.2003317 1.7475091 3.1137507 1.7939521]]
2021-03-20 223746 : [[1.1514775 1.2003313 1.7475094 3.113748  1.7939519]]
2021-03-20 223746 : [[1.1514788 1.2003305 1.7475075 3.1137471 1.7939521]]
2021-03-20 223746 : [[1.1514792 1.2003305 1.7475097 3.113751  1.7939517]]
2021-03-20 223746 : [[1.1514778 1.2003319 1.7475091 3.1137497 1.7939516]]
2021-03-20 223746 : [[1.1514776 1.2003322 1.747509  3.113749  1.7939512]]
2021-03-20 223746 : [[1.1514776 1.2003314 1.7475095 3.1137471 1.7939512]]
2021-03-20 223746 : [[1.1514785 1.2003324 1.7475101 3.1137488 1.7939517]]
2021-03-20 223746 : [[1.1514779 1.2003323 1.7475101 3.1137476 1.7939516]]
2021-03-20 223746 : [[1.1514791 1.2003319 1.7475114 3.1137483 1.793952 ]]
2021-03-20 223746 : [[1.1514789 1.2003317 1.7475071 3.1137488 1.7939509]]
2021-03-20 223746 : [[1.1514779 1.2003309 1.7475104 3.1137505 1.7939508]]
2021-03-20 223746 : [[1.1514779 1.2003317 1.74751   3.1137466 1.7939526]]
2021-03-20 223746 : [[1.1514788 1.2003307 1.7475095 3.1137474 1.7939517]]
2021-03-20 223746 : [[1.1514783 1.2003324 1.7475113 3.113749  1.7939517]]
2021-03-20 223746 : [[1.1514783 1.2003312 1.747511  3.1137476 1.7939515]]
2021-03-20 223746 : [[1.1514786 1.2003309 1.747509  3.1137483 1.7939528]]
2021-03-20 223746 : [[1.1514783 1.2003336 1.7475097 3.1137478 1.7939522]]
2021-03-20 223746 : [[1.1514788 1.2003322 1.7475104 3.113748  1.7939522]]
2021-03-20 223746 : [[1.1514802 1.2003319 1.7475103 3.1137476 1.7939539]]
2021-03-20 223746 : [[1.1514797 1.2003316 1.7475088 3.1137497 1.7939517]]
2021-03-20 223746 : [[1.1514788 1.2003307 1.7475107 3.113748  1.7939514]]
2021-03-20 223746 : [[1.1514783 1.2003314 1.7475108 3.1137483 1.7939503]]
2021-03-20 223746 : [[1.1514785 1.2003326 1.7475095 3.113748  1.7939512]]
2021-03-20 223746 : [[1.1514789 1.200331  1.7475104 3.1137462 1.7939508]]
2021-03-20 223746 : [[1.1514783 1.2003322 1.7475108 3.1137452 1.7939506]]
2021-03-20 223747 : [[1.1514783 1.200332  1.7475103 3.1137462 1.7939512]]
2021-03-20 223747 : [[1.1514783 1.2003305 1.7475107 3.1137488 1.7939519]]
2021-03-20 223747 : [[1.151479  1.2003328 1.7475113 3.1137471 1.7939514]]
2021-03-20 223747 : [[1.1514771 1.2003332 1.7475108 3.1137474 1.7939504]]
2021-03-20 223747 : [[1.151478  1.2003311 1.7475116 3.1137495 1.7939517]]
2021-03-20 223747 : [[1.1514783 1.2003326 1.7475107 3.1137495 1.7939504]]
2021-03-20 223747 : [[1.1514775 1.2003322 1.7475113 3.113749  1.7939515]]
2021-03-20 223747 : [[1.1514788 1.2003303 1.7475101 3.1137455 1.7939513]]
2021-03-20 223747 : [[1.1514785 1.2003311 1.7475095 3.1137488 1.793951 ]]
2021-03-20 223747 : [[1.1514782 1.2003317 1.7475108 3.1137488 1.7939509]]
2021-03-20 223747 : [[1.1514786 1.2003311 1.7475104 3.1137464 1.7939506]]
2021-03-20 223747 : [[1.1514785 1.2003303 1.7475098 3.113748  1.7939515]]
2021-03-20 223747 : [[1.1514792 1.2003317 1.7475098 3.1137474 1.7939512]]
2021-03-20 223747 : [[1.1514779 1.2003326 1.747511  3.1137466 1.7939513]]
2021-03-20 223747 : [[1.1514785 1.2003326 1.7475107 3.1137474 1.7939523]]
2021-03-20 223747 : [[1.1514773 1.2003319 1.7475106 3.1137476 1.7939512]]
2021-03-20 223747 : [[1.1514785 1.2003322 1.7475106 3.1137502 1.7939514]]
2021-03-20 223747 : [[1.1514791 1.200331  1.7475095 3.1137476 1.7939519]]
2021-03-20 223747 : [[1.151478  1.2003312 1.7475094 3.11375   1.7939508]]
2021-03-20 223747 : [[1.1514784 1.200331  1.7475109 3.11375   1.7939513]]
2021-03-20 223747 : [[1.1514788 1.2003322 1.7475095 3.113749  1.7939509]]
2021-03-20 223747 : [[1.1514785 1.2003303 1.7475094 3.1137493 1.7939532]]
2021-03-20 223747 : [[1.1514771 1.2003328 1.7475084 3.113748  1.7939513]]
2021-03-20 223747 : [[1.151479  1.2003319 1.7475107 3.1137497 1.793951 ]]
2021-03-20 223747 : [[1.1514785 1.2003313 1.7475101 3.1137478 1.7939506]]
2021-03-20 223747 : [[1.151479  1.2003336 1.7475111 3.1137462 1.7939514]]
2021-03-20 223747 : [[1.1514785 1.2003317 1.7475104 3.1137476 1.7939512]]
2021-03-20 223747 : [[1.1514778 1.2003305 1.7475092 3.1137493 1.7939512]]
2021-03-20 223747 : [[1.151478  1.2003317 1.7475083 3.1137466 1.793951 ]]
2021-03-20 223747 : [[1.1514788 1.2003314 1.7475084 3.113746  1.7939523]]
2021-03-20 223748 : [[1.1514783 1.2003314 1.7475101 3.1137462 1.7939517]]
2021-03-20 223748 : [[1.1514779 1.2003314 1.7475102 3.113746  1.7939506]]
2021-03-20 223748 : [[1.151479  1.2003316 1.747511  3.1137462 1.7939532]]
2021-03-20 223748 : [[1.1514784 1.2003322 1.7475107 3.1137474 1.7939532]]
2021-03-20 223748 : [[1.1514783 1.2003303 1.74751   3.1137493 1.7939517]]
2021-03-20 223748 : [[1.1514785 1.2003313 1.7475092 3.1137452 1.7939506]]
2021-03-20 223748 : [[1.1514788 1.2003303 1.74751   3.1137486 1.7939506]]
2021-03-20 223748 : [[1.1514788 1.2003317 1.7475104 3.1137493 1.7939506]]
2021-03-20 223748 : [[1.1514784 1.2003312 1.7475109 3.1137502 1.7939506]]
2021-03-20 223748 : [[1.1514788 1.2003314 1.7475101 3.1137474 1.7939506]]
2021-03-20 223748 : [[1.1514788 1.200331  1.747509  3.113748  1.7939506]]
2021-03-20 223748 : [[1.1514785 1.200331  1.7475106 3.113748  1.7939523]]
2021-03-20 223748 : [[1.1514778 1.200331  1.7475102 3.1137464 1.7939523]]
2021-03-20 223748 : [[1.151479  1.2003316 1.7475107 3.1137464 1.793952 ]]
2021-03-20 223748 : [[1.1514784 1.2003314 1.7475098 3.1137466 1.793952 ]]
2021-03-20 223748 : [[1.1514789 1.2003307 1.7475097 3.1137495 1.7939517]]
2021-03-20 223748 : [[1.1514783 1.200331  1.7475103 3.1137493 1.793953 ]]
2021-03-20 223748 : [[1.1514772 1.200331  1.7475085 3.113747  1.793951 ]]
2021-03-20 223748 : [[1.1514783 1.2003311 1.7475116 3.1137478 1.7939513]]
2021-03-20 223748 : [[1.1514788 1.2003324 1.7475101 3.113749  1.7939513]]
2021-03-20 223748 : [[1.1514779 1.2003322 1.7475101 3.113747  1.7939506]]
2021-03-20 223748 : [[1.151478  1.2003329 1.7475101 3.1137486 1.7939506]]
2021-03-20 223748 : [[1.151479  1.200331  1.7475104 3.1137466 1.7939516]]
2021-03-20 223748 : [[1.151478  1.2003324 1.7475102 3.113749  1.793952 ]]
2021-03-20 223748 : [[1.1514797 1.2003322 1.7475108 3.1137464 1.793952 ]]
2021-03-20 223748 : [[1.151478  1.2003324 1.7475113 3.1137455 1.7939502]]
2021-03-20 223748 : [[1.1514782 1.2003314 1.7475086 3.1137478 1.7939513]]
2021-03-20 223748 : [[1.151479  1.2003297 1.7475111 3.1137466 1.7939513]]
2021-03-20 223748 : [[1.151479  1.2003297 1.7475098 3.1137476 1.7939504]]
2021-03-20 223748 : [[1.151479  1.2003312 1.7475098 3.1137462 1.7939513]]
2021-03-20 223749 : [[1.1514788 1.200331  1.7475097 3.1137462 1.7939513]]
2021-03-20 223749 : [[1.15148   1.2003317 1.7475096 3.1137466 1.7939504]]
2021-03-20 223749 : [[1.1514796 1.2003313 1.7475097 3.113747  1.7939501]]
2021-03-20 223749 : [[1.1514778 1.2003324 1.7475086 3.1137476 1.7939497]]
2021-03-20 223749 : [[1.151479  1.2003312 1.7475086 3.113747  1.7939506]]
2021-03-20 223749 : [[1.1514785 1.2003312 1.7475086 3.1137476 1.7939506]]
2021-03-20 223749 : [[1.1514785 1.2003312 1.7475086 3.1137483 1.7939506]]
2021-03-20 223749 : [[1.1514785 1.2003312 1.7475097 3.1137474 1.79395  ]]
2021-03-20 223749 : [[1.1514795 1.2003319 1.7475101 3.1137466 1.7939506]]
2021-03-20 223749 : [[1.1514786 1.2003311 1.7475097 3.1137497 1.7939506]]
2021-03-20 223749 : [[1.151479  1.2003319 1.7475097 3.1137476 1.7939506]]
2021-03-20 223749 : [[1.1514783 1.2003305 1.7475097 3.1137471 1.7939506]]
2021-03-20 223749 : [[1.1514794 1.2003306 1.7475091 3.1137497 1.7939506]]
2021-03-20 223749 : [[1.151479  1.2003307 1.7475091 3.1137471 1.7939508]]
2021-03-20 223749 : [[1.151479  1.2003317 1.7475097 3.1137464 1.7939506]]
2021-03-20 223749 : [[1.1514791 1.2003326 1.7475097 3.1137466 1.7939506]]
2021-03-20 223749 : [[1.1514791 1.200332  1.7475097 3.1137476 1.7939508]]
2021-03-20 223749 : [[1.151479  1.2003305 1.7475097 3.113749  1.793951 ]]
2021-03-20 223749 : [[1.151479  1.2003319 1.7475101 3.1137457 1.793951 ]]
2021-03-20 223749 : [[1.1514784 1.2003329 1.7475101 3.1137464 1.7939508]]
2021-03-20 223749 : [[1.1514789 1.2003329 1.7475101 3.1137471 1.793951 ]]
2021-03-20 223749 : [[1.1514783 1.2003322 1.7475097 3.113747  1.7939503]]
2021-03-20 223749 : [[1.1514783 1.2003314 1.7475092 3.1137462 1.7939503]]
2021-03-20 223749 : [[1.1514786 1.200331  1.7475092 3.113748  1.7939514]]
2021-03-20 223749 : [[1.1514786 1.2003316 1.7475092 3.113748  1.7939502]]
2021-03-20 223749 : [[1.1514789 1.2003317 1.7475095 3.1137466 1.7939502]]
2021-03-20 223749 : [[1.1514789 1.2003317 1.7475095 3.1137471 1.7939514]]
2021-03-20 223749 : [[1.1514786 1.2003317 1.7475095 3.1137471 1.7939514]]
2021-03-20 223749 : [[1.1514788 1.2003332 1.7475095 3.1137488 1.7939514]]
2021-03-20 223749 : [[1.1514783 1.2003314 1.7475095 3.1137443 1.7939501]]
2021-03-20 223750 : [[1.1514788 1.2003322 1.7475106 3.1137466 1.7939503]]
2021-03-20 223750 : [[1.151479  1.2003322 1.7475095 3.1137474 1.7939501]]
2021-03-20 223750 : [[1.1514788 1.200333  1.7475095 3.1137476 1.7939498]]
2021-03-20 223750 : [[1.1514783 1.2003317 1.7475095 3.1137443 1.7939498]]
2021-03-20 223750 : [[1.1514776 1.2003298 1.7475097 3.1137466 1.7939498]]
2021-03-20 223750 : [[1.1514786 1.2003324 1.7475095 3.113748  1.793951 ]]
2021-03-20 223750 : [[1.1514795 1.2003307 1.7475101 3.1137457 1.793951 ]]
2021-03-20 223750 : [[1.1514789 1.2003316 1.7475101 3.1137452 1.793951 ]]
2021-03-20 223750 : [[1.1514786 1.2003314 1.7475101 3.113746  1.7939498]]
2021-03-20 223750 : [[1.1514786 1.200331  1.7475101 3.113746  1.793951 ]]
2021-03-20 223750 : [[1.1514778 1.2003322 1.7475097 3.1137457 1.793951 ]]
2021-03-20 223750 : [[1.1514786 1.2003323 1.7475097 3.1137457 1.7939498]]
2021-03-20 223750 : [[1.1514778 1.2003317 1.7475111 3.1137471 1.7939501]]
2021-03-20 223750 : [[1.1514792 1.2003306 1.7475111 3.1137495 1.7939501]]
2021-03-20 223750 : [[1.1514792 1.2003318 1.7475111 3.1137495 1.7939501]]
2021-03-20 223750 : [[1.1514788 1.2003329 1.7475095 3.1137474 1.7939501]]
2021-03-20 223750 : [[1.1514788 1.2003304 1.7475111 3.1137493 1.7939507]]
2021-03-20 223750 : [[1.1514792 1.2003316 1.7475111 3.1137486 1.7939507]]
2021-03-20 223750 : [[1.1514791 1.2003303 1.7475095 3.1137488 1.7939507]]
2021-03-20 223750 : [[1.1514784 1.2003314 1.7475109 3.1137483 1.7939507]]
2021-03-20 223750 : [[1.1514783 1.2003316 1.7475096 3.113749  1.7939507]]
2021-03-20 223750 : [[1.151479  1.2003307 1.7475109 3.1137466 1.7939516]]
2021-03-20 223750 : [[1.151479  1.2003303 1.7475096 3.113747  1.7939504]]
